#PATH-POINTS-START Pick Blocks Up
120.118,29.169,0,297.6
119.208,29.583,22.833
118.298,29.998,45.667
117.388,30.413,68.5
116.478,30.827,91.333
115.568,31.242,114.167
114.658,31.657,137
113.748,32.071,159.833
112.839,32.486,182.667
111.929,32.901,205.5
111.019,33.315,228.333
110.109,33.73,251.167
109.199,34.145,274
108.289,34.559,296.833
107.379,34.974,319.667
106.469,35.389,342.5
105.559,35.803,365.333
104.649,36.218,388.167
103.739,36.633,411
102.829,37.047,433.833
101.919,37.462,456.667
101.009,37.877,479.5
100.099,38.291,502.333
99.189,38.706,525.167
98.279,39.121,548
97.369,39.535,544.51
96.459,39.95,541.021
95.549,40.365,537.531
94.639,40.779,534.041
93.729,41.194,530.552
92.819,41.609,527.062
91.909,42.023,523.572
90.999,42.438,520.083
90.089,42.853,516.593
89.179,43.267,513.104
88.269,43.682,509.614
87.359,44.097,506.124
86.449,44.511,502.635
85.539,44.926,499.145
84.629,45.341,495.655
83.719,45.755,492.166
82.809,46.17,488.676
81.899,46.585,485.186
80.99,46.999,481.697
80.08,47.414,478.207
79.17,47.829,474.717
78.26,48.243,471.228
77.35,48.658,467.738
76.44,49.073,464.249
75.531,49.49,460.759,295
74.627,49.919,457.269
73.727,50.354,453.78
72.83,50.796,450.29
71.937,51.245,446.8
71.046,51.7,443.311
70.16,52.163,439.821
69.277,52.632,436.331
68.398,53.109,432.842
67.522,53.593,429.352
66.651,54.084,425.862
65.785,54.583,422.373
64.923,55.089,418.883
64.065,55.603,415.394
63.212,56.126,411.904
62.364,56.656,414.334
61.521,57.194,413.247
60.684,57.74,410.319
59.852,58.295,407.418
59.025,58.858,405.98
58.205,59.43,403.133
57.39,60.01,400.334
56.582,60.599,397.59
55.781,61.197,394.911
54.986,61.804,392.307
54.198,62.419,389.787
53.417,63.044,387.361
52.643,63.678,385.04
51.877,64.321,382.834
51.119,64.972,380.753
50.369,65.634,377.889
49.627,66.304,376.168
48.894,66.984,374.609
48.169,67.673,373.222
47.453,68.371,371.49
46.746,69.078,370.581
46.048,69.795,369.88
45.36,70.52,369.242
44.681,71.254,369.105
44.012,71.997,369.209
43.352,72.749,369.837
42.703,73.509,370.583
42.063,74.278,372.211
41.433,75.055,373.647
40.813,75.839,376.344
40.203,76.632,379.714
39.603,77.432,382.345
39.013,78.239,386.883
38.432,79.053,392.148
37.86,79.873,398.159
37.298,80.7,402.59
36.745,81.533,409.887
36.199,82.371,417.98
35.662,83.215,426.891
35.133,84.063,436.64
34.61,84.916,447.251
34.094,85.772,458.747
33.583,86.632,471.157
33.078,87.495,484.509
32.576,88.36,503.83
32.077,89.227,519.505
31.581,90.095,526.127
31.085,90.963,528.558
30.589,91.831,516.432
30.091,92.699,495.931
29.59,93.564,466.723
29.084,94.427,443.382
28.572,95.286,410.328
28.052,96.14,384.096
27.521,96.987,347.255
26.979,97.827,308.422
26.422,98.658,278.136
25.849,99.478,236.501
25.258,100.284,193.899
24.647,101.076,151.007
24.013,101.849,108.681
23.355,102.602,67.958
22.672,103.332,30.026
22,104,0,320
22,104,0,320
#PATH-POINTS-START Score Mid  Goal
22,104,0,320
22.333,103.057,24.447
22.667,102.114,48.893
23,101.172,73.34
23.333,100.229,97.787
23.666,99.286,122.234
24,98.343,146.68
24.333,97.4,171.127
24.666,96.457,195.574
24.999,95.515,220.021
25.333,94.572,244.467
25.666,93.629,268.914
25.999,92.686,293.361
26.333,91.743,317.807
26.666,90.8,342.254
26.999,89.858,366.701
27.332,88.915,391.148
27.666,87.972,415.594
27.999,87.029,440.041
28.332,86.086,464.488
28.665,85.143,488.935
28.999,84.201,485.776
29.332,83.258,482.617
29.665,82.315,479.459
29.998,81.372,476.3
30.332,80.429,473.142
30.665,79.486,469.983
30.998,78.544,466.825
31.332,77.601,463.666
31.665,76.658,460.508
31.998,75.715,457.349
32.331,74.772,454.19
32.665,73.829,451.032
32.998,72.887,447.873
33.331,71.944,444.715
33.664,71.001,441.556
33.998,70.058,438.398
34.331,69.115,435.239
34.664,68.172,432.08
34.998,67.23,428.922
35.331,66.287,425.763
35.664,65.344,422.605
35.997,64.401,419.446
36.331,63.458,416.288
36.664,62.515,413.129
36.997,61.573,391.385
37.33,60.63,369.642
37.664,59.687,347.898
37.997,58.744,326.154
38.33,57.801,304.411
38.664,56.858,282.667
38.997,55.916,260.924
39.33,54.973,239.18
39.663,54.03,217.436
39.997,53.087,195.693
40.33,52.144,173.949
40.663,51.201,152.205
40.996,50.259,130.462
41.33,49.316,108.718
41.663,48.373,86.975
41.996,47.43,65.231
42.33,46.487,43.487
42.663,45.544,21.744
42.996,44.602,0,225
42.567,43.832,25.498
41.86,43.125,50.996
41.152,42.417,76.494
40.445,41.71,101.992
39.738,41.003,127.49
39.031,40.296,152.987
38.324,39.589,178.485
37.617,38.882,203.983
36.91,38.175,229.481
36.203,37.468,203.983
35.496,36.761,178.485
34.788,36.053,152.987
34.081,35.346,127.49
33.374,34.639,101.992
32.667,33.932,76.494
31.96,33.225,50.996
31.253,32.518,25.498
31.143,32.408,0,225
31.143,32.408,0,225
#PATH-POINTS-START Score Low Goal
31.558,32.823,0,225
32.265,33.531,19.798
32.973,34.238,39.597
33.68,34.945,59.395
34.387,35.652,79.193
35.094,36.359,98.992
35.801,37.066,118.79
36.508,37.773,138.589
37.215,38.48,158.387
37.922,39.187,178.185
38.629,39.894,163.053
39.337,40.602,147.92
40.044,41.309,132.788
40.751,42.016,117.655
41.458,42.723,102.523
42.165,43.43,87.39
42.872,44.137,72.258
43.178,43.657,57.125,225
43.311,42.666,72.942
43.445,41.675,88.759
43.578,40.684,104.576
43.711,39.693,120.393
43.845,38.702,136.21
43.978,37.711,152.027
44.111,36.72,167.844
44.245,35.729,183.661
44.378,34.738,199.478
44.511,33.747,215.295
44.645,32.756,231.112
44.778,31.764,246.929
44.911,30.773,262.746
45.045,29.782,278.563
45.178,28.791,294.38
45.311,27.8,310.197
45.445,26.809,326.013
45.578,25.818,341.83
45.711,24.827,357.647
45.845,23.836,373.464
45.978,22.845,389.281
46.111,21.854,405.098
46.244,20.863,420.915
46.378,19.872,436.732
46.511,18.881,452.549
46.644,17.889,468.366
46.778,16.898,484.183
46.911,15.907,500
47.044,14.916,497.043
47.178,13.925,494.087
47.311,12.934,491.13
47.444,11.943,488.174
47.578,10.952,485.217
47.711,9.961,482.261
47.844,8.97,479.304
47.978,7.979,476.348
48.111,6.988,473.391
48.244,5.997,470.434
48.378,5.006,467.478
48.511,4.014,464.521
48.644,3.023,461.565
48.777,2.032,458.608
48.911,1.041,455.652
49.044,0.05,452.695
49.177,-0.941,449.739
49.311,-1.932,446.782
49.444,-2.923,443.825
49.577,-3.914,440.869
49.711,-4.905,437.912
49.844,-5.896,434.956
49.977,-6.887,431.999
50.111,-7.878,429.043
50.244,-8.87,426.086
50.377,-9.861,423.13
50.511,-10.852,420.173
50.644,-11.843,417.216
50.777,-12.834,414.26
50.911,-13.825,411.303
51.044,-14.816,408.347
51.177,-15.807,405.39
51.31,-16.798,402.434
51.444,-17.789,399.477
51.577,-18.78,396.521
51.71,-19.771,393.564
51.844,-20.762,390.607
51.977,-21.753,387.651
52.11,-22.745,384.694
52.244,-23.736,381.738
52.377,-24.727,378.781
52.51,-25.718,375.825
52.644,-26.709,375.091
52.777,-27.7,374.357
52.91,-28.691,373.624
53.044,-29.682,372.89
53.177,-30.673,372.156
53.31,-31.664,371.423
53.444,-32.655,370.689
53.577,-33.646,369.955
53.71,-34.637,369.221
53.844,-35.629,368.488
53.977,-36.62,367.754
54.11,-37.611,367.02
54.243,-38.602,366.287
54.377,-39.593,365.553
54.51,-40.584,364.819
54.643,-41.575,334.418
54.777,-42.566,304.016
54.91,-43.557,273.614
55.043,-44.548,243.213
55.177,-45.539,212.811
55.31,-46.53,182.41
55.443,-47.521,152.008
55.577,-48.512,121.606
55.71,-49.504,91.205
55.843,-50.495,60.803
55.977,-51.486,30.402
56.009,-52.288,0,180
55.256,-51.63,29.412
54.502,-50.972,58.824
53.749,-50.315,88.235
52.996,-49.657,117.647
52.243,-48.999,147.059
51.49,-48.341,176.471
50.737,-47.683,205.882
49.984,-47.025,235.294
49.231,-46.367,264.706
48.478,-45.709,294.118
47.725,-45.051,323.529
46.972,-44.393,352.941
46.219,-43.735,382.353
45.466,-43.077,411.765
44.712,-42.419,441.176
43.959,-41.761,470.588
43.206,-41.103,500
42.453,-40.446,468.75
41.7,-39.788,437.5
40.947,-39.13,406.25
40.194,-38.472,375
39.441,-37.814,343.75
38.688,-37.156,312.5
37.935,-36.498,281.25
37.182,-35.84,250
36.429,-35.182,218.75
35.676,-34.524,187.5
34.922,-33.866,156.25
34.169,-33.208,125
33.416,-32.55,93.75
32.663,-31.892,62.5
31.91,-31.234,31.25
31.509,-30.884,0,315
31.509,-30.884,0,315
#PATH-POINTS-START Score Long Goal
31.509,-30.884,0,315
32.224,-31.583,15.207
32.953,-32.267,30.413
33.696,-32.937,45.62
34.449,-33.594,60.826
35.213,-34.24,76.033
35.986,-34.875,91.239
36.766,-35.5,106.446
37.554,-36.116,121.652
38.349,-36.723,136.859
39.149,-37.322,152.065
39.956,-37.913,167.272
40.767,-38.498,182.478
41.583,-39.077,197.685
42.403,-39.649,212.892
43.226,-40.216,228.098
44.054,-40.777,243.305
44.885,-41.334,258.511
45.718,-41.886,273.718
46.555,-42.434,288.924
47.394,-42.978,304.131
48.235,-43.519,319.337
49.079,-44.056,334.544
49.924,-44.589,349.75
50.772,-45.12,364.957
51.621,-45.648,380.164
52.472,-46.174,395.37
53.324,-46.697,410.577
54.178,-47.218,425.783
55.033,-47.736,440.99
55.889,-48.253,456.196
56.746,-48.768,471.403
57.604,-49.282,486.609
58.463,-49.794,501.816
59.323,-50.305,517.022
60.183,-50.815,515.136
61.044,-51.323,513.249
61.906,-51.831,511.362
62.768,-52.338,509.476
63.63,-52.844,507.589
64.493,-53.35,505.703
65.356,-53.855,503.816
66.219,-54.36,501.929
67.082,-54.864,500.043
67.946,-55.369,498.156
68.809,-55.873,496.269
69.673,-56.378,494.383
70.536,-56.882,492.496
71.399,-57.387,490.609
72.262,-57.892,488.723
73.125,-58.398,486.836
73.988,-58.904,484.949
74.85,-59.41,483.063
75.711,-59.918,481.176
76.573,-60.426,479.289
77.433,-60.935,477.403
78.294,-61.445,475.516
79.153,-61.956,473.629
80.012,-62.468,471.743
80.87,-62.982,469.856
81.727,-63.497,467.97
82.584,-64.013,466.083
83.439,-64.531,464.196
84.294,-65.05,461.704
85.147,-65.572,459.213
85.999,-66.095,456.721
86.851,-66.619,454.229
87.701,-67.146,451.737
88.549,-67.675,449.245
89.396,-68.207,446.754
90.242,-68.74,444.262
91.087,-69.276,441.77
91.929,-69.814,439.278
92.77,-70.356,436.786
93.609,-70.899,434.295
94.447,-71.446,431.803
95.282,-71.996,429.311
96.115,-72.549,426.819
96.946,-73.105,424.327
97.775,-73.664,421.836
98.602,-74.227,419.344
99.426,-74.794,416.852
100.247,-75.364,414.36
101.066,-75.938,411.868
101.882,-76.516,409.377
102.695,-77.099,406.885
103.505,-77.685,404.393
104.311,-78.277,401.901
105.114,-78.873,399.409
105.913,-79.474,396.918
106.708,-80.08,394.426
107.5,-80.691,391.934
108.287,-81.308,389.442
109.07,-81.93,386.95
109.848,-82.559,384.459
110.621,-83.193,381.967
111.389,-83.834,379.475
112.151,-84.48,376.983
112.908,-85.135,374.491
113.658,-85.796,372
114.402,-86.464,369.508
115.139,-87.14,367.016
115.869,-87.823,364.524
116.591,-88.515,362.032
117.305,-89.215,359.541
118.01,-89.924,357.049
118.706,-90.642,354.557
119.392,-91.37,352.065
120.068,-92.106,349.573
120.732,-92.854,347.082
121.386,-93.611,344.59
122.025,-94.38,342.098
122.652,-95.159,339.606
123.264,-95.95,337.114
123.861,-96.753,334.623
124.441,-97.567,332.131
125.003,-98.394,317.034
125.546,-99.233,301.937
126.07,-100.085,286.84
126.572,-100.95,271.743
127.049,-101.829,256.646
127.503,-102.72,241.55
127.93,-103.624,226.453
128.329,-104.541,211.356
128.698,-105.471,196.259
129.034,-106.412,181.162
129.337,-107.365,166.065
129.605,-108.329,150.969
129.835,-109.301,135.872
130.028,-110.283,120.775
130.18,-111.271,105.678
130.29,-112.265,90.581
130.357,-113.262,75.484
130.382,-114.262,60.387
130.363,-115.262,45.291
130.301,-116.26,30.194
130.196,-117.254,15.097
130.132,-118.173,0,90
131.132,-118.173,34.913
132.132,-118.173,69.826
133.132,-118.173,104.739
134.132,-118.173,139.652
135.132,-118.173,174.565
136.132,-118.173,209.478
137.132,-118.173,244.391
138.132,-118.173,279.305
139.132,-118.173,248.271
140.132,-118.173,217.237
141.132,-118.173,186.203
142.132,-118.173,155.169
143.132,-118.173,124.135
144.132,-118.173,93.102
145.132,-118.173,62.068
146.132,-118.173,31.034
146.278,-118.192,0,90
145.279,-118.235,27.832
144.28,-118.278,55.664
143.281,-118.322,83.496
142.282,-118.365,111.328
141.283,-118.408,139.161
140.284,-118.451,166.993
139.284,-118.495,194.825
138.285,-118.538,222.657
137.286,-118.581,250.489
136.287,-118.625,278.321
135.288,-118.668,306.153
134.289,-118.711,333.985
133.29,-118.754,361.817
132.291,-118.798,389.649
131.292,-118.841,417.482
130.293,-118.884,445.314
129.294,-118.927,473.146
128.295,-118.971,500.978
127.296,-119.014,528.81
126.297,-119.057,556.642
125.298,-119.1,527.345
124.299,-119.144,498.048
123.299,-119.187,468.751
122.3,-119.23,439.454
121.301,-119.274,410.157
120.302,-119.317,380.86
119.303,-119.36,351.563
118.304,-119.403,322.266
117.305,-119.447,292.97
116.306,-119.49,263.673
115.307,-119.533,234.376
114.308,-119.576,205.079
113.309,-119.62,175.782
112.31,-119.663,146.485
111.311,-119.706,117.188
110.312,-119.749,87.891
109.313,-119.793,58.594
108.314,-119.836,29.297
107.314,-119.876,0,92.00000000000006
106.314,-119.876,33.157
105.314,-119.876,66.314
104.314,-119.876,99.471
103.314,-119.876,132.627
102.314,-119.876,165.784
101.314,-119.876,198.941
100.314,-119.876,232.098
99.314,-119.876,265.255
98.314,-119.876,298.412
97.314,-119.876,331.569
96.314,-119.876,364.726
95.314,-119.876,397.882
94.314,-119.876,431.039
93.314,-119.876,464.196
92.314,-119.876,431.039
91.314,-119.876,397.882
90.314,-119.876,364.726
89.314,-119.876,331.569
88.314,-119.876,298.412
87.314,-119.876,265.255
86.314,-119.876,232.098
85.314,-119.876,198.941
84.314,-119.876,165.784
83.314,-119.876,132.627
82.314,-119.876,99.471
81.314,-119.876,66.314
80.314,-119.876,33.157
79.178,-119.876,0,270
79.178,-119.876,0,270
#PATH.JERRYIO-DATA {"appVersion":"0.10.0","format":"path.jerryio v0.1","gc":{"robotWidth":31.75,"robotHeight":35.56,"robotIsHolonomic":false,"showRobot":false,"uol":1,"pointDensity":1,"controlMagnetDistance":5,"fieldImage":{"displayName":"V5RC 2026 - Push Back","signature":"V5RC-PushBack-H2H-TopDownHighlighted-TileColor66_71","origin":{"__type":"built-in"}},"coordinateSystem":"VEX Gaming Positioning System"},"paths":[{"segments":[{"controls":[{"uid":"uooHEsMr89","x":120.11828571428568,"y":29.168571428571436,"lock":false,"visible":true,"heading":297.6,"__type":"end-point"},{"uid":"nEaC7ndTAE","x":75.69771428571426,"y":49.41085714285715,"lock":false,"visible":true,"heading":295,"__type":"end-point"}],"speedProfiles":[{"uid":"SCrTlzT4cj","xPos":0,"yPos":0,"followBentRate":false},{"uid":"0prj44eZTS","xPos":0.48,"yPos":1,"followBentRate":false}],"lookaheadKeyframes":[],"uid":"VEMrYbmolp"},{"controls":[{"uid":"nEaC7ndTAE","x":75.69771428571426,"y":49.41085714285715,"lock":false,"visible":true,"heading":295,"__type":"end-point"},{"uid":"IooUn7P6T1","x":34.93199999999997,"y":68.52857142857142,"lock":false,"visible":false,"__type":"control"},{"uid":"geJ7F6KAm9","x":34.0885714285714,"y":92.42571428571429,"lock":false,"visible":false,"__type":"control"},{"uid":"LmAZldrenQ","x":22,"y":104,"lock":false,"visible":true,"heading":320,"__type":"end-point"}],"speedProfiles":[{"uid":"Y3YpaVD2hj","xPos":0.16666666666666666,"yPos":0.7516494323762711,"followBentRate":true},{"uid":"KBtlquFXMv","xPos":0.8846153846153846,"yPos":1,"followBentRate":true},{"uid":"pR6zCeD4wS","xPos":0.9871794871794872,"yPos":0,"followBentRate":false}],"lookaheadKeyframes":[],"uid":"l1N0v4enpr"}],"pc":{"speedLimit":{"minLimit":{"value":0,"label":"0"},"maxLimit":{"value":600,"label":"600"},"step":1,"from":0,"to":548},"bentRateApplicableRange":{"minLimit":{"value":0,"label":"0"},"maxLimit":{"value":1,"label":"1"},"step":0.001,"from":0,"to":0.04}},"name":"Pick Blocks Up","uid":"sEgUkmIWkJ","lock":true,"visible":true},{"segments":[{"controls":[{"uid":"BDRd8wtW4Q","x":22,"y":104,"lock":false,"visible":true,"heading":320,"__type":"end-point"},{"uid":"xmLgvtOH6P","x":43.085,"y":44.35,"lock":false,"visible":true,"heading":225,"__type":"end-point"}],"speedProfiles":[{"uid":"fBJve8zrnR","xPos":0,"yPos":0,"followBentRate":false},{"uid":"41Hfed4cAq","xPos":0.3125,"yPos":0.9937695239416876,"followBentRate":false},{"uid":"hd6v6dZW8G","xPos":0.6875,"yPos":0.8396931020364226,"followBentRate":false},{"uid":"gHbJk9ZVX7","xPos":0.984375,"yPos":0,"followBentRate":false}],"lookaheadKeyframes":[],"uid":"RTcIBBMK0E"},{"controls":[{"uid":"xmLgvtOH6P","x":43.085,"y":44.35,"lock":false,"visible":true,"heading":225,"__type":"end-point"},{"uid":"DNydXJV27d","x":31.142813134204687,"y":32.40781313420469,"lock":false,"visible":true,"heading":225,"__type":"end-point"}],"speedProfiles":[{"uid":"cWQr57TWTM","xPos":0.47058823529411764,"yPos":0.46642507535300004,"followBentRate":false},{"uid":"gQ73jbtxjR","xPos":0.9473684210526315,"yPos":0,"followBentRate":false},{"uid":"WdJlkk9jr9","xPos":0.9473684210526315,"yPos":0,"followBentRate":false}],"lookaheadKeyframes":[],"uid":"EXIp4M57q0"}],"pc":{"speedLimit":{"minLimit":{"value":0,"label":"0"},"maxLimit":{"value":600,"label":"600"},"step":1,"from":0,"to":492},"bentRateApplicableRange":{"minLimit":{"value":0,"label":"0"},"maxLimit":{"value":1,"label":"1"},"step":0.001,"from":0,"to":0.1}},"name":"Score Mid  Goal","uid":"SVTTAYQ489","lock":false,"visible":true},{"segments":[{"controls":[{"uid":"MFz5wkuTqI","x":31.55828571428568,"y":32.823428571428586,"lock":false,"visible":true,"heading":225,"__type":"end-point"},{"uid":"dH2L9L4BPP","x":43.085,"y":44.35,"lock":false,"visible":true,"heading":225,"__type":"end-point"}],"speedProfiles":[{"uid":"ySZV9NAzVd","xPos":0,"yPos":0,"followBentRate":false},{"uid":"LEONHodHau","xPos":0.5,"yPos":0.3563704882778108,"followBentRate":false},{"uid":"YRHt98deFY","xPos":0.9444444444444444,"yPos":0.11425039671239434,"followBentRate":false}],"lookaheadKeyframes":[],"uid":"7MUpDUEL4A"},{"controls":[{"uid":"dH2L9L4BPP","x":43.085,"y":44.35,"lock":false,"visible":true,"heading":225,"__type":"end-point"},{"uid":"O2t5WuoZfF","x":56.094660666291105,"y":-52.36350782696516,"lock":false,"visible":true,"heading":180,"__type":"end-point"}],"speedProfiles":[{"uid":"htM1s0YQ4h","xPos":0.28,"yPos":1,"followBentRate":false},{"uid":"5MQxSc3BOh","xPos":0.711340206185567,"yPos":0.7516494323762711,"followBentRate":false},{"uid":"koHHzwNDEK","xPos":0.865979381443299,"yPos":0.7296385149612332,"followBentRate":false},{"uid":"t3l7ARca2m","xPos":0.99,"yPos":0,"followBentRate":false}],"lookaheadKeyframes":[],"uid":"N64bSjlHJK"},{"controls":[{"uid":"O2t5WuoZfF","x":56.094660666291105,"y":-52.36350782696516,"lock":false,"visible":true,"heading":180,"__type":"end-point"},{"uid":"vLoyZ6cIwF","x":31.509,"y":-30.884,"lock":false,"visible":true,"heading":315,"__type":"end-point"}],"speedProfiles":[{"uid":"0CL1MVBGHy","xPos":0.48484848484848486,"yPos":1,"followBentRate":false},{"uid":"eFVx71jP94","xPos":0.48484848484848486,"yPos":1,"followBentRate":false},{"uid":"LwBUoWTGFi","xPos":0.972972972972973,"yPos":0,"followBentRate":false}],"lookaheadKeyframes":[],"uid":"h1BhzyB91W"}],"pc":{"speedLimit":{"minLimit":{"value":0,"label":"0"},"maxLimit":{"value":600,"label":"600"},"step":1,"from":0,"to":500},"bentRateApplicableRange":{"minLimit":{"value":0,"label":"0"},"maxLimit":{"value":1,"label":"1"},"step":0.001,"from":0,"to":0.524}},"name":"Score Low Goal","uid":"eWN9QQKlh0","lock":false,"visible":true},{"segments":[{"controls":[{"uid":"Yfh0jsQ5Gf","x":31.509,"y":-30.884,"lock":true,"visible":true,"heading":315,"__type":"end-point"},{"uid":"KJvCpGVybn","x":54.78829310266557,"y":-54.16329310266556,"lock":true,"visible":true,"__type":"control"},{"uid":"cVLUjEp8oO","x":136.12241887905606,"y":-82.08062930186824,"lock":false,"visible":false,"__type":"control"},{"uid":"YIsV5ogJcj","x":130.06161889351242,"y":-118.17339300309956,"lock":false,"visible":true,"heading":90,"__type":"end-point"}],"speedProfiles":[{"uid":"i0RQdCZN7W","xPos":0,"yPos":0,"followBentRate":false},{"uid":"cp75T6m7Bn","xPos":0.2463768115942029,"yPos":0.8617040194514605,"followBentRate":false},{"uid":"nPiG30fSxw","xPos":0.4492753623188406,"yPos":0.773660349791309,"followBentRate":true},{"uid":"7L0KL8x0jx","xPos":0.8333333333333334,"yPos":0.5535511756409304,"followBentRate":false},{"uid":"KffaQWb5gk","xPos":0.9927536231884058,"yPos":0,"followBentRate":false},{"uid":"lNtFdvYNWy","xPos":0.9927536231884058,"yPos":0,"followBentRate":false}],"lookaheadKeyframes":[],"uid":"XDw9EFIXRl"},{"controls":[{"uid":"YIsV5ogJcj","x":130.06161889351242,"y":-118.17339300309956,"lock":false,"visible":true,"heading":90,"__type":"end-point"},{"uid":"Qb1eWgxSiS","x":146.70501474926255,"y":-118.17339300309956,"lock":false,"visible":true,"heading":90,"__type":"end-point"}],"speedProfiles":[{"uid":"jxpCC0YcGO","xPos":0.4117647058823529,"yPos":0.46550750598077895,"followBentRate":true},{"uid":"HXNflmYx62","xPos":0.9411764705882353,"yPos":0,"followBentRate":false}],"lookaheadKeyframes":[],"uid":"uB7uP7brbC"},{"controls":[{"uid":"Qb1eWgxSiS","x":146.70501474926255,"y":-118.17339300309956,"lock":false,"visible":true,"heading":90,"__type":"end-point"},{"uid":"KyXqWfS4xS","x":107.39823008849558,"y":-119.87561455260571,"lock":false,"visible":true,"heading":92.00000000000006,"__type":"end-point"}],"speedProfiles":[{"uid":"2rSACmK1yu","xPos":0.48717948717948717,"yPos":0.927736771696574,"followBentRate":false},{"uid":"RLKaX9kNMr","xPos":0.9743589743589743,"yPos":0,"followBentRate":false}],"lookaheadKeyframes":[],"uid":"yh4zAbVsr0"},{"controls":[{"uid":"KyXqWfS4xS","x":107.39823008849558,"y":-119.87561455260571,"lock":false,"visible":true,"heading":92.00000000000006,"__type":"end-point"},{"uid":"XY054fPpjJ","x":79.17797443461161,"y":-119.87561455260571,"lock":false,"visible":true,"heading":270,"__type":"end-point"}],"speedProfiles":[{"uid":"q7XyFip9L3","xPos":0.4642857142857143,"yPos":0.773660349791309,"followBentRate":false},{"uid":"6PblGFyvAG","xPos":0.9642857142857143,"yPos":0,"followBentRate":false}],"lookaheadKeyframes":[],"uid":"nPa5jGsHKm"}],"pc":{"speedLimit":{"minLimit":{"value":0,"label":"0"},"maxLimit":{"value":600,"label":"600"},"step":1,"from":0,"to":600},"bentRateApplicableRange":{"minLimit":{"value":0,"label":"0"},"maxLimit":{"value":1,"label":"1"},"step":0.001,"from":0,"to":0.053}},"name":"Score Long Goal","uid":"MSk812kSjN","lock":false,"visible":true}]}