#PATH-POINTS-START 3+2+3 score 2 and 2
-152.364,-47.271,7,67
-151.438,-46.893,37.648
-150.512,-46.515,68.295
-149.586,-46.136,98.943
-148.661,-45.757,129.591
-147.736,-45.378,160.238
-146.811,-44.998,190.886
-145.886,-44.617,221.534
-144.962,-44.236,236.403
-144.037,-43.855,251.272
-143.113,-43.474,266.141
-142.188,-43.092,281.01
-141.264,-42.711,295.879
-140.34,-42.329,310.749
-139.416,-41.947,325.618
-138.491,-41.565,340.487
-137.567,-41.183,355.356
-136.643,-40.801,370.225
-135.718,-40.42,385.095
-134.794,-40.039,399.964
-133.869,-39.659,414.833
-132.944,-39.279,429.702
-132.019,-38.899,444.571
-131.093,-38.521,459.441
-130.167,-38.144,474.31
-129.241,-37.767,489.179
-128.313,-37.392,504.048
-127.386,-37.019,518.917
-126.457,-36.648,533.786
-125.528,-36.278,548.656
-124.598,-35.911,563.525
-123.667,-35.546,578.394
-122.735,-35.184,561.677
-121.801,-34.826,544.959
-120.866,-34.471,528.242
-119.93,-34.121,511.525
-118.991,-33.775,494.808
-118.051,-33.434,478.09
-117.109,-33.099,461.373
-116.165,-32.77,444.656
-115.218,-32.449,427.938
-114.268,-32.136,411.221
-113.315,-31.832,394.504
-112.359,-31.538,377.787
-111.4,-31.256,361.069
-110.437,-30.987,344.352
-109.47,-30.732,327.635
-108.499,-30.493,310.917
-107.524,-30.272,294.2
-106.544,-30.072,277.483
-105.56,-29.894,260.766
-104.572,-29.741,244.048
-103.579,-29.616,227.331
-102.584,-29.522,210.614
-101.586,-29.462,193.896
-100.586,-29.437,177.179
-99.586,-29.452,189.126
-98.588,-29.508,193.998
-97.593,-29.608,183.914
-96.604,-29.751,179.4
-95.621,-29.939,182.465
-94.649,-30.171,191.421
-93.687,-30.446,205.571
-92.739,-30.761,224.171
-91.803,-31.115,246.312
-90.882,-31.503,271.004
-89.975,-31.925,306.217
-89.082,-32.375,320.541
-88.203,-32.851,332.488
-87.337,-33.351,344.435
-86.483,-33.871,356.382
-85.64,-34.41,368.329
-84.808,-34.964,380.275
-83.986,-35.533,392.222
-83.172,-36.114,404.169
-82.366,-36.706,416.116
-81.567,-37.308,428.063
-80.775,-37.918,440.01
-79.988,-38.535,451.957
-79.206,-39.159,463.903
-78.429,-39.788,475.85
-77.656,-40.422,487.797
-76.886,-41.06,470.302
-76.119,-41.703,452.807
-75.355,-42.348,435.312
-74.594,-42.996,417.817
-73.834,-43.646,400.322
-73.077,-44.299,382.827
-72.32,-44.953,365.331
-71.565,-45.609,347.836
-70.811,-46.266,330.341
-70.058,-46.923,312.846
-69.305,-47.582,295.351
-68.553,-48.241,277.856
-67.802,-48.901,260.361
-67.05,-49.56,223.017
-66.299,-50.22,185.672
-65.548,-50.88,148.328
-64.796,-51.54,110.984
-64.045,-52.2,73.64,134
-63.349,-52.917,97.171
-62.659,-53.642,120.703
-61.972,-54.368,144.235
-61.285,-55.095,167.766
-60.601,-55.824,191.298
-59.918,-56.555,214.83
-59.237,-57.287,238.361
-58.558,-58.021,261.893
-57.881,-58.757,285.425
-57.207,-59.495,308.956
-56.534,-60.236,332.488
-55.864,-60.978,337.964
-55.196,-61.722,343.439
-54.532,-62.469,348.915
-53.87,-63.219,354.391
-53.211,-63.971,359.866
-52.555,-64.726,365.342
-51.903,-65.484,370.818
-51.254,-66.245,376.293
-50.61,-67.01,381.769
-49.969,-67.778,387.244
-49.333,-68.549,392.72
-48.702,-69.325,398.196
-48.075,-70.104,403.671
-47.455,-70.888,409.147
-46.84,-71.677,414.623
-46.231,-72.47,420.098
-45.628,-73.269,425.574
-45.033,-74.072,431.05
-44.445,-74.881,436.525
-43.865,-75.695,442.001
-43.292,-76.515,447.477
-42.728,-77.341,452.952
-42.172,-78.172,458.428
-41.623,-79.008,463.903
-41.081,-79.848,469.379
-40.546,-80.693,474.855
-40.017,-81.541,465.536
-39.491,-82.392,456.218
-38.967,-83.244,446.899
-38.444,-84.096,437.581
-37.919,-84.947,428.262
-37.391,-85.797,418.943
-36.858,-86.643,409.625
-36.318,-87.485,400.306
-35.772,-88.322,390.988
-35.217,-89.154,381.669
-34.655,-89.981,372.351
-34.084,-90.802,363.032
-33.504,-91.617,353.714
-32.917,-92.426,344.395
-32.322,-93.23,335.077
-31.72,-94.028,325.758
-31.111,-94.822,316.439
-30.495,-95.61,307.121
-29.874,-96.393,297.802
-29.246,-97.172,288.484
-28.614,-97.946,279.165
-27.976,-98.716,269.847
-27.334,-99.483,260.528
-26.687,-100.245,251.21
-26.036,-101.005,241.891
-25.382,-101.761,208.335
-24.724,-102.514,174.779
-24.062,-103.264,141.224
-23.398,-104.011,107.668
-22.73,-104.756,74.112
-22.06,-105.498,40.556
-21.387,-106.237,7,140
-21.652,-105.849,44.254
-22.258,-105.053,81.507
-22.863,-104.257,118.761
-23.468,-103.461,156.015
-24.073,-102.665,193.269
-24.678,-101.869,230.522
-25.284,-101.073,267.776
-25.889,-100.276,279.101
-26.494,-99.48,290.425
-27.099,-98.684,301.75
-27.704,-97.888,313.074
-28.31,-97.092,324.399
-28.915,-96.296,335.724
-29.52,-95.5,347.048
-30.125,-94.704,358.373
-30.731,-93.908,369.698
-31.336,-93.112,381.022
-31.941,-92.316,392.347
-32.546,-91.52,403.671
-33.151,-90.724,414.996
-33.757,-89.928,426.321
-34.362,-89.132,437.645
-34.967,-88.335,448.97
-35.572,-87.539,460.294
-36.177,-86.743,471.619
-36.783,-85.947,482.944
-37.388,-85.151,494.268
-37.993,-84.355,505.593
-38.598,-83.559,516.918
-39.204,-82.763,528.242
-39.809,-81.967,539.567
-40.414,-81.171,527.213
-41.019,-80.375,514.859
-41.624,-79.579,502.504
-42.23,-78.783,490.15
-42.835,-77.987,477.796
-43.44,-77.191,465.442
-44.045,-76.395,453.088
-44.65,-75.598,440.734
-45.256,-74.802,428.38
-45.861,-74.006,416.026
-46.466,-73.21,403.671
-47.071,-72.414,391.317
-47.676,-71.618,378.963
-48.282,-70.822,366.609
-48.887,-70.026,354.255
-49.492,-69.23,341.901
-50.097,-68.434,329.547
-50.703,-67.638,317.193
-51.308,-66.842,304.838
-51.913,-66.046,292.484
-52.518,-65.25,280.13
-53.123,-64.454,267.776
-53.729,-63.657,230.522
-54.334,-62.861,193.269
-54.939,-62.065,156.015
-55.544,-61.269,118.761
-56.149,-60.473,81.507
-56.755,-59.677,44.254
-56.861,-58.913,7,44
-56.159,-58.202,36.587
-55.456,-57.49,66.174
-54.753,-56.779,95.761
-54.05,-56.068,125.348
-53.348,-55.356,154.935
-52.645,-54.645,184.522
-51.942,-53.933,214.109
-51.239,-53.222,243.696
-50.537,-52.511,273.283
-49.834,-51.799,302.87
-49.131,-51.088,332.457
-48.428,-50.376,362.045
-47.725,-49.665,391.632
-47.023,-48.954,421.219
-46.32,-48.242,450.806
-45.617,-47.531,480.393
-44.914,-46.819,509.98
-44.212,-46.108,539.567
-43.509,-45.396,512.938
-42.806,-44.685,486.31
-42.103,-43.974,459.682
-41.4,-43.262,433.053
-40.698,-42.551,406.425
-39.995,-41.839,379.797
-39.292,-41.128,353.168
-38.589,-40.417,326.54
-37.887,-39.705,299.912
-37.184,-38.994,273.283
-36.481,-38.282,246.655
-35.778,-37.571,220.027
-35.076,-36.859,193.398
-34.373,-36.148,166.77
-33.67,-35.437,140.142
-32.967,-34.725,113.513
-32.264,-34.014,86.885
-31.562,-33.302,60.257
-30.859,-32.591,33.628
-30.156,-31.88,7,44
-30.815,-32.562,54.777
-31.51,-33.282,102.554
-32.204,-34.001,150.33
-32.899,-34.72,198.107
-33.594,-35.44,245.884
-34.288,-36.159,293.661
-34.983,-36.878,261.81
-35.678,-37.598,229.958
-36.372,-38.317,198.107
-37.067,-39.036,166.256
-37.762,-39.756,134.405
-38.456,-40.475,102.554
-39.151,-41.194,70.702
-39.846,-41.914,38.851
-40.357,-41.539,7,44
-40.371,-40.54,44.73
-40.298,-39.543,82.459
-40.192,-38.548,120.189
-40.068,-37.556,157.919
-39.933,-36.565,195.649
-39.792,-35.575,210.157
-39.646,-34.586,224.665
-39.498,-33.597,239.174
-39.348,-32.608,253.682
-39.198,-31.619,268.191
-39.049,-30.631,282.699
-38.9,-29.642,297.207
-38.752,-28.653,311.716
-38.606,-27.664,326.224
-38.461,-26.674,340.733
-38.319,-25.684,355.241
-38.179,-24.694,369.749
-38.041,-23.704,384.258
-37.907,-22.713,384.72
-37.775,-21.721,385.182
-37.646,-20.73,385.644
-37.521,-19.738,386.107
-37.399,-18.745,386.569
-37.281,-17.752,387.031
-37.166,-16.759,387.493
-37.055,-15.765,387.956
-36.948,-14.771,388.418
-36.845,-13.776,388.88
-36.746,-12.781,389.342
-36.652,-11.785,389.805
-36.562,-10.789,390.267
-36.477,-9.793,390.729
-36.396,-8.796,391.191
-36.321,-7.799,391.653
-36.25,-6.802,392.116
-36.185,-5.804,392.578
-36.125,-4.806,393.04
-36.07,-3.807,393.502
-36.021,-2.808,393.965
-35.977,-1.809,394.427
-35.94,-0.81,394.889
-35.909,0.19,395.351
-35.884,1.189,395.814
-35.865,2.189,396.276
-35.853,3.189,396.738
-35.848,4.189,397.2
-35.85,5.189,395.582
-35.859,6.189,393.965
-35.875,7.189,392.347
-35.899,8.189,390.729
-35.931,9.188,389.111
-35.971,10.187,387.493
-36.019,11.186,385.876
-36.076,12.184,384.258
-36.142,13.182,382.64
-36.216,14.18,381.022
-36.3,15.176,379.404
-36.394,16.172,377.787
-36.498,17.166,376.169
-36.612,18.16,374.551
-36.736,19.152,372.933
-36.872,20.143,371.315
-37.019,21.132,369.698
-37.177,22.119,368.08
-37.348,23.104,366.462
-37.532,24.087,364.844
-37.727,25.068,363.226
-37.937,26.046,361.609
-38.16,27.021,359.991
-38.397,27.992,358.373
-38.649,28.96,351.902
-38.916,29.924,345.431
-39.198,30.883,338.959
-39.496,31.837,332.488
-39.812,32.786,326.017
-40.144,33.729,319.546
-40.494,34.666,313.074
-40.862,35.596,306.603
-41.249,36.518,300.132
-41.655,37.432,293.661
-42.081,38.337,287.19
-42.527,39.232,280.718
-42.993,40.116,274.247
-43.481,40.989,267.776
-43.99,41.85,261.305
-44.52,42.698,254.834
-45.073,43.531,248.362
-45.649,44.348,241.891
-46.247,45.15,208.335
-46.867,45.934,174.779
-47.51,46.7,141.224
-48.175,47.447,107.668
-48.863,48.172,74.112
-49.573,48.876,40.556
-50.305,49.558,7,315
-50.933,50.107,7,132
-50.207,49.419,39.053
-49.481,48.731,71.106
-48.755,48.043,103.159
-48.03,47.355,135.213
-47.304,46.667,167.266
-46.578,45.979,199.319
-45.852,45.292,231.372
-45.126,44.604,263.425
-44.4,43.916,295.478
-43.674,43.228,327.531
-42.948,42.54,359.585
-42.223,41.853,391.638
-41.497,41.165,423.691
-40.771,40.477,455.744
-40.045,39.789,487.797
-39.319,39.102,447.731
-38.593,38.414,407.664
-37.867,37.726,367.598
-37.141,37.038,327.531
-36.415,36.351,287.465
-35.689,35.663,247.399
-34.963,34.976,207.332
-34.237,34.288,167.266
-33.511,33.6,127.199
-32.784,32.913,87.133
-32.058,32.225,47.066
-31.332,31.538,7
-31.181,31.394,7,135
-31.181,31.394,0,135
#PATH-POINTS-START score rest into long goal
-31.181,31.394,7,135
-31.895,32.094,47.41
-32.61,32.794,87.821
-33.325,33.493,128.231
-34.039,34.193,168.642
-34.754,34.892,209.052
-35.468,35.592,249.463
-36.183,36.292,265.831
-36.897,36.991,282.2
-37.612,37.691,298.568
-38.326,38.39,314.937
-39.041,39.09,331.305
-39.755,39.79,347.674
-40.47,40.489,364.042
-41.184,41.189,380.411
-41.899,41.888,396.779
-42.613,42.588,413.148
-43.328,43.288,429.516
-44.042,43.987,445.885
-44.757,44.687,462.253
-45.472,45.386,478.622
-46.186,46.086,494.99
-46.901,46.786,511.358
-47.615,47.485,527.727
-48.33,48.185,544.095
-49.044,48.884,530.649
-49.759,49.584,517.203
-50.473,50.284,503.757
-51.188,50.983,490.311
-51.902,51.683,476.865
-52.617,52.383,463.419
-53.331,53.082,449.973
-54.046,53.782,436.527
-54.76,54.481,423.081
-55.475,55.181,409.635
-56.189,55.881,396.189
-56.904,56.58,382.743
-57.619,57.28,369.297
-58.333,57.979,355.851
-59.048,58.679,342.404
-59.762,59.379,328.958
-60.477,60.078,315.512
-61.191,60.778,302.066
-61.906,61.477,288.62
-62.62,62.177,248.389
-63.335,62.877,208.157
-64.049,63.576,167.926
-64.764,64.276,127.694
-65.478,64.975,87.463
-66.193,65.675,47.231
-66.907,66.375,7,134
-67.152,65.48,50.164
-67.373,64.504,93.329
-67.594,63.529,136.493
-67.815,62.554,179.658
-68.036,61.579,222.822
-68.257,60.603,265.986
-68.478,59.628,309.151
-68.699,58.653,336.185
-68.92,57.677,363.219
-69.14,56.702,390.253
-69.361,55.727,417.287
-69.582,54.752,444.321
-69.803,53.776,471.355
-70.024,52.801,470.702
-70.245,51.826,470.05
-70.466,50.85,469.397
-70.687,49.875,468.744
-70.908,48.9,468.092
-71.129,47.925,467.439
-71.35,46.949,466.786
-71.571,45.974,466.134
-71.792,44.999,465.481
-72.013,44.023,464.829
-72.234,43.048,464.176
-72.454,42.073,463.523
-72.675,41.098,462.871
-72.896,40.122,462.218
-73.117,39.147,461.565
-73.338,38.172,460.913
-73.559,37.196,460.26
-73.78,36.221,459.608
-74.001,35.246,458.955
-74.222,34.27,458.302
-74.443,33.295,457.65
-74.664,32.32,456.997
-74.885,31.345,456.344
-75.106,30.369,455.692
-75.327,29.394,455.039
-75.548,28.419,454.387
-75.768,27.443,453.734
-75.989,26.468,453.081
-76.21,25.493,452.429
-76.431,24.518,451.776
-76.652,23.542,451.123
-76.873,22.567,450.471
-77.094,21.592,449.818
-77.315,20.616,449.166
-77.536,19.641,448.513
-77.757,18.666,447.86
-77.978,17.691,447.208
-78.199,16.715,446.555
-78.42,15.74,445.902
-78.641,14.765,445.25
-78.862,13.789,444.597
-79.082,12.814,443.945
-79.303,11.839,443.292
-79.524,10.864,442.639
-79.745,9.888,441.987
-79.966,8.913,441.334
-80.187,7.938,440.682
-80.408,6.962,440.029
-80.629,5.987,439.376
-80.85,5.012,438.724
-81.071,4.037,438.071
-81.292,3.061,437.418
-81.513,2.086,436.766
-81.734,1.111,436.113
-81.955,0.135,435.461
-82.176,-0.84,434.808
-82.396,-1.815,434.155
-82.617,-2.79,433.503
-82.838,-3.766,432.85
-83.059,-4.741,432.197
-83.28,-5.716,431.545
-83.501,-6.692,430.892
-83.722,-7.667,430.24
-83.943,-8.642,429.587
-84.164,-9.618,428.934
-84.385,-10.593,428.282
-84.606,-11.568,427.629
-84.827,-12.543,426.976
-85.048,-13.519,426.324
-85.269,-14.494,425.671
-85.49,-15.469,425.019
-85.71,-16.445,424.366
-85.931,-17.42,423.713
-86.152,-18.395,423.061
-86.373,-19.37,422.408
-86.594,-20.346,421.755
-86.815,-21.321,421.103
-87.036,-22.296,420.45
-87.257,-23.272,419.798
-87.478,-24.247,419.145
-87.699,-25.222,418.492
-87.92,-26.197,417.84
-88.141,-27.173,417.187
-88.362,-28.148,416.534
-88.583,-29.123,415.882
-88.804,-30.099,415.229
-89.024,-31.074,414.577
-89.245,-32.049,413.924
-89.466,-33.024,413.271
-89.687,-34,412.619
-89.908,-34.975,411.966
-90.129,-35.95,411.313
-90.35,-36.926,410.661
-90.571,-37.901,410.008
-90.792,-38.876,409.356
-91.013,-39.851,408.703
-91.234,-40.827,408.05
-91.455,-41.802,407.398
-91.676,-42.777,406.745
-91.897,-43.753,406.092
-92.118,-44.728,405.44
-92.338,-45.703,404.787
-92.559,-46.678,404.135
-92.78,-47.654,403.482
-93.001,-48.629,402.829
-93.222,-49.604,402.177
-93.443,-50.58,401.524
-93.664,-51.555,400.871
-93.885,-52.53,400.219
-94.106,-53.506,399.566
-94.327,-54.481,398.914
-94.548,-55.456,398.261
-94.769,-56.431,397.608
-94.99,-57.407,396.956
-95.211,-58.382,396.303
-95.432,-59.357,395.65
-95.652,-60.333,394.998
-95.873,-61.308,394.345
-96.094,-62.283,393.693
-96.315,-63.258,393.04
-96.536,-64.234,391.696
-96.757,-65.209,390.352
-96.978,-66.184,389.009
-97.199,-67.16,387.665
-97.42,-68.135,386.321
-97.641,-69.11,384.977
-97.862,-70.085,383.633
-98.083,-71.061,382.289
-98.304,-72.036,380.946
-98.525,-73.011,379.602
-98.746,-73.987,378.258
-98.966,-74.962,376.914
-99.187,-75.937,375.57
-99.408,-76.912,374.227
-99.629,-77.888,372.883
-99.85,-78.863,371.539
-100.071,-79.838,370.195
-100.292,-80.814,368.851
-100.513,-81.789,367.507
-100.734,-82.764,366.164
-100.955,-83.739,364.82
-101.176,-84.715,363.476
-101.397,-85.69,362.132
-101.618,-86.665,360.788
-101.839,-87.641,359.445
-102.06,-88.616,358.101
-102.28,-89.591,356.757
-102.501,-90.566,355.413
-102.722,-91.542,354.069
-102.943,-92.517,352.725
-103.164,-93.492,351.382
-103.385,-94.468,350.038
-103.606,-95.443,348.694
-103.827,-96.418,347.35
-104.048,-97.394,346.006
-104.269,-98.369,344.663
-104.49,-99.344,343.319
-104.711,-100.319,341.975
-104.932,-101.295,340.631
-105.153,-102.27,339.287
-105.374,-103.245,337.943
-105.594,-104.221,336.6
-105.815,-105.196,335.256
-106.036,-106.171,311.809
-106.257,-107.146,288.362
-106.478,-108.122,264.915
-106.699,-109.097,241.468
-106.92,-110.072,218.022
-107.141,-111.048,194.575
-107.362,-112.023,171.128
-107.583,-112.998,147.681
-107.804,-113.973,124.234
-108.025,-114.949,100.787
-108.246,-115.924,77.341
-108.467,-116.899,53.894
-108.688,-117.875,30.447
-108.908,-118.85,7
-109.129,-119.825,34.042,90
-108.165,-119.854,61.084
-107.165,-119.854,88.127
-106.165,-119.854,115.169
-105.165,-119.854,142.211
-104.165,-119.854,169.253
-103.165,-119.854,196.296
-102.165,-119.854,223.338
-101.165,-119.854,250.38
-100.165,-119.854,277.422
-99.165,-119.854,304.465
-98.165,-119.854,331.507
-97.165,-119.854,358.549
-96.165,-119.854,385.591
-95.165,-119.854,412.633
-94.165,-119.854,439.676
-93.165,-119.854,415.638
-92.165,-119.854,391.601
-91.165,-119.854,367.563
-90.165,-119.854,343.525
-89.165,-119.854,319.488
-88.165,-119.854,295.45
-87.165,-119.854,271.413
-86.165,-119.854,247.375
-85.165,-119.854,223.338
-84.165,-119.854,199.3
-83.165,-119.854,175.263
-82.165,-119.854,151.225
-81.165,-119.854,127.188
-80.165,-119.854,103.15
-79.165,-119.854,79.113
-78.165,-119.854,55.075
-77.165,-119.854,31.038
-76,-119.854,7,90
-76,-119.854,0,90
#PATH.JERRYIO-DATA {"appVersion":"0.10.0","format":"path.jerryio v0.1","gc":{"robotWidth":31.75,"robotHeight":35.56,"robotIsHolonomic":false,"showRobot":false,"uol":1,"pointDensity":1,"controlMagnetDistance":5,"fieldImage":{"displayName":"V5RC 2026 - Push Back","signature":"V5RC-PushBack-H2H-TopDownHighlighted-TileColor66_71","origin":{"__type":"built-in"}},"coordinateSystem":"VEX Gaming Positioning System"},"paths":[{"segments":[{"controls":[{"uid":"2kLar613Sr","x":-152.3637450576133,"y":-47.27087605543785,"lock":true,"visible":true,"heading":67,"__type":"end-point"},{"uid":"shIO4NfHzV","x":-94.62666613081619,"y":-23.74836241859457,"lock":true,"visible":false,"__type":"control"},{"uid":"Ay15nUWeSc","x":-98.90348679206045,"y":-21.609952087972456,"lock":true,"visible":false,"__type":"control"},{"uid":"jrT3E0sPtV","x":-63.97611805856587,"y":-52.26050016022279,"lock":true,"visible":true,"heading":134,"__type":"end-point"}],"speedProfiles":[{"uid":"KnnfjlU8zr","xPos":0,"yPos":0,"followBentRate":false},{"uid":"mbIIVzIcFs","xPos":0.07,"yPos":0.3648529670716676,"followBentRate":true},{"uid":"YhQYlbrZJP","xPos":0.31,"yPos":0.9717586065266497,"followBentRate":false},{"uid":"dZvfS0J7dC","xPos":0.55,"yPos":0.2894201666604761,"followBentRate":true},{"uid":"ZT1YqazjG2","xPos":0.81,"yPos":0.8176821846213848,"followBentRate":false},{"uid":"gr311M1udX","xPos":0.94,"yPos":0.4308857193167811,"followBentRate":false},{"uid":"Vom5PQEqZJ","xPos":0.99,"yPos":0.11333282734017325,"followBentRate":false}],"lookaheadKeyframes":[],"uid":"DF8P8dYRdo"},{"controls":[{"uid":"jrT3E0sPtV","x":-63.97611805856587,"y":-52.26050016022279,"lock":true,"visible":true,"heading":134,"__type":"end-point"},{"uid":"uX0l78UY96","x":-33.266421811458216,"y":-84.35073103429359,"lock":false,"visible":true,"__type":"control"},{"uid":"KljifbyJgp","x":-44.73665680297599,"y":-80.70111080971976,"lock":false,"visible":true,"__type":"control"},{"uid":"KDC69VKyUz","x":-21.207911446123596,"y":-106.43356186931636,"lock":false,"visible":true,"heading":140,"__type":"end-point"}],"speedProfiles":[{"uid":"Nmdn2KSJTi","xPos":0.14492753623188406,"yPos":0.5535511756409304,"followBentRate":true},{"uid":"RJcIIhMo54","xPos":0.5285714285714286,"yPos":0.7956712672063468,"followBentRate":false},{"uid":"MAtLVku6dq","xPos":0.8840579710144928,"yPos":0.39947475373566543,"followBentRate":true},{"uid":"FnTTasAyZa","xPos":0.9855072463768116,"yPos":0,"followBentRate":false},{"uid":"87VywPRC0i","xPos":0.9855072463768116,"yPos":0,"followBentRate":false}],"lookaheadKeyframes":[],"uid":"bpeupnC783"},{"controls":[{"uid":"KDC69VKyUz","x":-21.207911446123596,"y":-106.43356186931636,"lock":false,"visible":true,"heading":140,"__type":"end-point"},{"uid":"cU1iSQD9rr","x":-57.12923244684281,"y":-59.18437918026577,"lock":false,"visible":true,"heading":44,"__type":"end-point"}],"speedProfiles":[{"uid":"Gv6QhVLhIJ","xPos":0.1,"yPos":0.44349658856574115,"followBentRate":true},{"uid":"aLvINw3xXm","xPos":0.5,"yPos":0.9057258542815362,"followBentRate":true},{"uid":"fckRkkYXEU","xPos":0.8666666666666667,"yPos":0.44349658856574115,"followBentRate":false},{"uid":"wXDalKIAso","xPos":0.9833333333333333,"yPos":0,"followBentRate":false},{"uid":"4hiCdmbY8f","xPos":0.9833333333333333,"yPos":0,"followBentRate":false}],"lookaheadKeyframes":[],"uid":"SWiE8OlsrN"},{"controls":[{"uid":"cU1iSQD9rr","x":-57.12923244684281,"y":-59.18437918026577,"lock":false,"visible":true,"heading":44,"__type":"end-point"},{"uid":"S6PDiCc2Jc","x":-30.138175904680626,"y":-31.861331985508052,"lock":false,"visible":true,"heading":44,"__type":"end-point"}],"speedProfiles":[{"uid":"PWKHtdKNfB","xPos":0.46153846153846156,"yPos":0.9057258542815362,"followBentRate":false},{"uid":"qIufBggZR5","xPos":0.9743589743589743,"yPos":0,"followBentRate":false}],"lookaheadKeyframes":[],"uid":"ZD5YP74IDl"},{"controls":[{"uid":"S6PDiCc2Jc","x":-30.138175904680626,"y":-31.861331985508052,"lock":false,"visible":true,"heading":44,"__type":"end-point"},{"uid":"qhtfJ4G8io","x":-40.044287942809625,"y":-42.119411292796315,"lock":false,"visible":true,"heading":44,"__type":"end-point"}],"speedProfiles":[{"uid":"At5vLK0gUM","xPos":0.3333333333333333,"yPos":0.48751842339581686,"followBentRate":false},{"uid":"gOw2jCwbBO","xPos":0.9333333333333333,"yPos":0,"followBentRate":false}],"lookaheadKeyframes":[],"uid":"KJRPrxwye2"},{"controls":[{"uid":"qhtfJ4G8io","x":-40.044287942809625,"y":-42.119411292796315,"lock":false,"visible":true,"heading":44,"__type":"end-point"},{"uid":"f9TZ2l9TaB","x":-43.1725338495872,"y":-42.119411292796315,"lock":false,"visible":true,"__type":"control"},{"uid":"mREX7pcblb","x":-22.838935455532933,"y":26.180624338514164,"lock":false,"visible":true,"__type":"control"},{"uid":"BcU1L2f47h","x":-50.99314861653114,"y":50.16384295714223,"lock":false,"visible":true,"heading":315,"__type":"end-point"}],"speedProfiles":[{"uid":"HobGUzW0m3","xPos":0.042105263157894736,"yPos":0.3208311322415919,"followBentRate":false},{"uid":"U9jpcloK4j","xPos":0.1875,"yPos":0.6415948453010818,"followBentRate":false},{"uid":"pdLsA1vnxl","xPos":0.47368421052631576,"yPos":0.6636057627161197,"followBentRate":false},{"uid":"ih4j8rh8PA","xPos":0.7263157894736842,"yPos":0.5975730104710061,"followBentRate":false},{"uid":"yYg3gOndQ8","xPos":0.9157894736842105,"yPos":0.39947475373566543,"followBentRate":true},{"uid":"SHhXRu8NWq","xPos":0.9894736842105263,"yPos":0,"followBentRate":false}],"lookaheadKeyframes":[],"uid":"I5s2nDrynq"},{"controls":[{"uid":"BcU1L2f47h","x":-50.99314861653114,"y":50.16384295714223,"lock":false,"visible":true,"heading":315,"__type":"end-point"},{"uid":"QSp3Ib5vWP","x":-50.99314861653114,"y":50.16384295714223,"lock":false,"visible":true,"heading":132,"__type":"end-point"}],"speedProfiles":[{"uid":"feqA7aZwHv","xPos":0,"yPos":0,"followBentRate":false}],"lookaheadKeyframes":[],"uid":"V1oqw8kZ1d"},{"controls":[{"uid":"QSp3Ib5vWP","x":-50.99314861653114,"y":50.16384295714223,"lock":false,"visible":true,"heading":132,"__type":"end-point"},{"uid":"y6cp2x4wB1","x":-50.99314861653114,"y":50.16384295714223,"lock":false,"visible":true,"__type":"control"},{"uid":"HwupCQTYgz","x":-40.82634941950405,"y":40.52684441071717,"lock":false,"visible":true,"__type":"control"},{"uid":"1hS7e2OQop","x":-31.18092454027316,"y":31.394367516476745,"lock":false,"visible":true,"heading":135,"__type":"end-point"}],"speedProfiles":[{"uid":"9mDcaVhi28","xPos":0.5,"yPos":0.8176821846213848,"followBentRate":true},{"uid":"DISCruxubx","xPos":0.9629629629629629,"yPos":0,"followBentRate":false},{"uid":"wOY7Tplrze","xPos":0.9629629629629629,"yPos":0,"followBentRate":false}],"lookaheadKeyframes":[],"uid":"NIZQ8mYAWV"}],"pc":{"speedLimit":{"minLimit":{"value":0,"label":"0"},"maxLimit":{"value":600,"label":"600"},"step":1,"from":7,"to":595},"bentRateApplicableRange":{"minLimit":{"value":0,"label":"0"},"maxLimit":{"value":1,"label":"1"},"step":0.001,"from":0,"to":0.064}},"name":"3+2+3 score 2 and 2","uid":"zpZPcdLxEM","lock":false,"visible":true},{"segments":[{"controls":[{"uid":"0TQzK0xv4z","x":-31.18092454027316,"y":31.394367516476745,"lock":false,"visible":true,"heading":135,"__type":"end-point"},{"uid":"FUFfSUnrAI","x":-66.94170865958752,"y":66.40820994733406,"lock":false,"visible":true,"heading":134,"__type":"end-point"}],"speedProfiles":[{"uid":"wPZ2nNQHQ2","xPos":0,"yPos":0,"followBentRate":false},{"uid":"7TYQLPiPw1","xPos":0.11764705882352941,"yPos":0.4088748019017433,"followBentRate":false},{"uid":"Bn3DTESqvi","xPos":0.47058823529411764,"yPos":0.9057258542815362,"followBentRate":false},{"uid":"y5jr2f9skO","xPos":0.8431372549019608,"yPos":0.4749075541468568,"followBentRate":false},{"uid":"qaXrWpz9Dv","xPos":0.9803921568627451,"yPos":0,"followBentRate":true}],"lookaheadKeyframes":[],"uid":"AKJiyu8oCO"},{"controls":[{"uid":"FUFfSUnrAI","x":-66.94170865958752,"y":66.40820994733406,"lock":false,"visible":true,"heading":134,"__type":"end-point"},{"uid":"dHpvu61vyl","x":-109.13587382516137,"y":-119.85371629472132,"lock":false,"visible":true,"heading":90,"__type":"end-point"}],"speedProfiles":[{"uid":"sAS0vDz0CS","xPos":0.03225806451612903,"yPos":0.5095293408108547,"followBentRate":true},{"uid":"l3zyPYE2M2","xPos":0.06451612903225806,"yPos":0.7830603979573869,"followBentRate":false},{"uid":"74FR2tB31p","xPos":0.6951871657754011,"yPos":0.6509948934671597,"followBentRate":false},{"uid":"DZU026xV1j","xPos":0.9202127659574468,"yPos":0.5535511756409304,"followBentRate":false},{"uid":"J6cMAgivdY","xPos":0.9947368421052631,"yPos":0,"followBentRate":false}],"lookaheadKeyframes":[],"uid":"nyMqQB6DhH"},{"controls":[{"uid":"dHpvu61vyl","x":-109.13587382516137,"y":-119.85371629472132,"lock":false,"visible":true,"heading":90,"__type":"end-point"},{"uid":"WyIQuFVpj4","x":-76,"y":-119.854,"lock":false,"visible":true,"heading":90,"__type":"end-point"}],"speedProfiles":[{"uid":"c2g8trp4f0","xPos":0.4444444444444444,"yPos":0.7296385149612332,"followBentRate":false},{"uid":"TTtVsRLcKf","xPos":0.9722222222222222,"yPos":0,"followBentRate":false}],"lookaheadKeyframes":[],"uid":"ueUDBCqmUG"}],"pc":{"speedLimit":{"minLimit":{"value":0,"label":"0"},"maxLimit":{"value":600,"label":"600"},"step":1,"from":7,"to":600},"bentRateApplicableRange":{"minLimit":{"value":0,"label":"0"},"maxLimit":{"value":1,"label":"1"},"step":0.001,"from":0,"to":0.1}},"name":"score rest into long goal","uid":"MyZYYra4mn","lock":false,"visible":true}]}