#PATH-POINTS-START intake then load
-124.999,-19.795,6,98
-124.011,-19.945,15.306
-123.023,-20.102,24.613
-122.037,-20.266,33.919
-121.051,-20.436,43.226
-120.067,-20.614,52.532
-119.085,-20.8,61.838
-118.103,-20.992,71.145
-117.123,-21.191,80.451
-116.145,-21.397,89.758
-115.168,-21.612,99.064
-114.193,-21.834,108.37
-113.22,-22.063,117.677
-112.248,-22.299,126.983
-111.278,-22.542,136.29
-110.31,-22.795,145.596
-109.345,-23.054,154.902
-108.381,-23.321,164.209
-107.419,-23.595,173.515
-106.459,-23.876,182.822
-105.502,-24.166,192.128
-104.548,-24.464,201.434
-103.596,-24.77,210.741
-102.646,-25.083,220.047
-101.699,-25.404,229.354
-100.754,-25.732,238.66
-99.813,-26.069,247.966
-98.875,-26.415,257.273
-97.939,-26.769,266.579
-97.007,-27.13,275.886
-96.078,-27.5,285.192
-95.152,-27.878,294.499
-94.229,-28.264,303.805
-93.31,-28.658,313.111
-92.395,-29.061,322.418
-91.484,-29.473,331.724
-90.576,-29.893,341.031
-89.673,-30.322,350.337
-88.774,-30.759,359.643
-87.879,-31.205,368.95
-86.988,-31.66,378.256
-86.102,-32.124,387.563
-85.221,-32.596,396.869
-84.345,-33.078,406.175
-83.473,-33.568,415.482
-82.607,-34.068,424.788
-81.746,-34.577,434.095
-80.891,-35.095,443.401
-80.041,-35.622,452.707
-79.197,-36.159,452.242
-78.36,-36.705,449.871
-77.528,-37.261,447.422
-76.704,-37.827,444.891
-75.886,-38.402,442.276
-75.075,-38.987,439.574
-74.271,-39.582,436.782
-73.475,-40.187,433.896
-72.686,-40.802,430.915
-71.906,-41.427,427.834
-71.134,-42.062,424.651
-70.37,-42.708,421.362
-69.615,-43.364,417.964
-68.87,-44.03,414.455
-68.133,-44.707,410.831
-67.407,-45.395,407.088
-66.691,-46.093,403.225
-65.986,-46.801,399.237
-65.291,-47.521,395.122
-64.608,-48.251,386.5
-63.938,-48.993,381.987
-63.28,-49.746,377.338
-62.635,-50.51,372.549
-62.002,-51.285,367.619
-61.384,-52.071,362.547
-60.78,-52.868,351.972
-60.192,-53.677,346.47
-59.62,-54.497,340.823
-59.063,-55.327,335.036
-58.523,-56.169,329.108
-58.003,-57.023,316.844
-57.5,-57.887,310.516
-57.016,-58.762,304.065
-56.552,-59.648,290.822
-56.11,-60.545,284.048
-55.689,-61.452,277.184
-55.29,-62.369,270.245
-54.916,-63.297,256.194
-54.566,-64.233,249.116
-54.24,-65.178,242.026
-53.943,-66.133,227.895
-53.671,-67.096,220.901
-53.428,-68.065,207.182
-53.215,-69.042,200.513
-53.03,-70.025,194.01
-52.878,-71.013,181.629
-52.757,-72.006,175.815
-52.668,-73.002,165.106
-52.613,-74,160.277
-52.59,-75,151.831
-52.605,-76,148.275
-52.651,-76.999,145.202
-52.735,-77.995,140.604
-52.853,-78.988,139.122
-53.007,-79.976,137.877
-53.196,-80.958,138.137
-53.418,-81.933,140.445
-53.678,-82.898,142.493
-53.969,-83.855,145.127
-54.297,-84.8,152.106
-54.655,-85.733,156.417
-55.045,-86.654,166.568
-55.468,-87.56,172.354
-55.918,-88.453,178.573
-56.399,-89.329,192.177
-56.908,-90.19,199.492
-57.442,-91.036,207.102
-58.003,-91.863,223.058
-58.589,-92.674,231.332
-59.196,-93.468,239.758
-59.825,-94.246,256.927
-60.478,-95.004,265.607
-61.149,-95.745,274.312
-61.838,-96.469,283.014
-62.545,-97.177,291.688
-63.268,-97.867,308.859
-64.009,-98.539,317.316
-64.764,-99.195,325.663
-65.533,-99.834,333.886
-66.314,-100.457,341.97
-67.109,-101.065,349.904
-67.915,-101.657,357.678
-68.732,-102.234,365.283
-69.559,-102.795,372.713
-70.396,-103.342,379.963
-71.243,-103.874,387.028
-72.098,-104.392,393.905
-72.961,-104.897,400.592
-73.833,-105.388,407.089
-74.711,-105.865,413.395
-75.597,-106.33,419.51
-76.488,-106.782,425.437
-77.386,-107.223,431.177
-78.29,-107.651,436.732
-79.199,-108.068,442.106
-80.113,-108.473,447.302
-81.032,-108.868,451.499
-81.955,-109.252,450.519
-82.883,-109.626,449.538
-83.815,-109.988,448.557
-84.751,-110.34,447.577
-85.69,-110.682,446.596
-86.633,-111.016,445.616
-87.579,-111.341,444.635
-88.528,-111.656,443.654
-89.48,-111.961,442.674
-90.435,-112.257,441.693
-91.392,-112.546,440.713
-92.352,-112.828,439.732
-93.315,-113.099,438.752
-94.279,-113.362,437.771
-95.246,-113.619,436.79
-96.214,-113.869,435.81
-97.185,-114.109,434.829
-98.157,-114.342,433.849
-99.131,-114.57,432.868
-100.106,-114.79,431.887
-101.084,-115.002,430.907
-102.062,-115.208,429.926
-103.042,-115.409,428.946
-104.023,-115.601,427.965
-105.006,-115.787,426.985
-105.989,-115.969,426.004
-106.974,-116.142,425.023
-107.96,-116.311,424.043
-108.946,-116.474,423.062
-109.934,-116.63,422.082
-110.922,-116.782,421.101
-111.912,-116.928,420.12
-112.902,-117.067,419.14
-113.892,-117.203,418.159
-114.884,-117.332,417.179
-115.876,-117.456,416.198
-116.869,-117.577,415.217
-117.863,-117.69,414.237
-118.857,-117.801,413.256
-119.851,-117.905,397.593
-120.846,-118.005,381.929
-121.841,-118.101,366.265
-122.837,-118.191,350.601
-123.834,-118.279,334.938
-124.83,-118.359,319.274
-125.827,-118.437,303.61
-126.825,-118.51,287.947
-127.822,-118.579,272.283
-128.82,-118.645,256.619
-129.818,-118.705,240.956
-130.816,-118.763,225.292
-131.815,-118.815,209.628
-132.814,-118.865,193.964
-133.813,-118.909,178.301
-134.812,-118.951,162.637
-135.811,-118.988,146.973
-136.811,-119.022,131.31
-137.81,-119.052,115.646
-138.81,-119.079,99.982
-139.81,-119.102,84.319
-140.809,-119.122,68.655
-141.809,-119.138,52.991
-142.809,-119.151,37.327
-143.809,-119.161,21.664
-144.809,-119.167,6,270
-146.256,-119.171,6
-146.256,-119.171,0,270
#PATH.JERRYIO-DATA {"appVersion":"0.10.0","format":"path.jerryio v0.1","gc":{"robotWidth":12.5,"robotHeight":15,"robotIsHolonomic":false,"showRobot":false,"uol":1,"pointDensity":1,"controlMagnetDistance":5,"fieldImage":{"displayName":"V5RC 2026 - Push Back","signature":"V5RC-PushBack-H2H-TopDownHighlighted-TileColor66_71","origin":{"__type":"built-in"}},"coordinateSystem":"VEX Gaming Positioning System"},"paths":[{"segments":[{"controls":[{"uid":"yJwKPGULTB","x":-124.99928036903341,"y":-19.794703627772382,"lock":false,"visible":true,"heading":98,"__type":"end-point"},{"uid":"9dlZIJeheb","x":-38.22860393975325,"y":-32.6029699252624,"lock":false,"visible":true,"__type":"control"},{"uid":"Al9iix3uNj","x":-11.624154382788895,"y":-119.17144164257073,"lock":false,"visible":true,"__type":"control"},{"uid":"ckoYRrrWds","x":-146.25633662888333,"y":-119.17144164257071,"lock":false,"visible":true,"heading":270,"__type":"end-point"}],"speedProfiles":[{"uid":"PZUNCYupql","xPos":0,"yPos":0,"followBentRate":true},{"uid":"TDWldw3cx2","xPos":0.26222222222222225,"yPos":0.8617040194514605,"followBentRate":true},{"uid":"Q88M7LYTap","xPos":0.6844444444444444,"yPos":0.7516494323762711,"followBentRate":true},{"uid":"gp2wBx27X3","xPos":0.8761904761904762,"yPos":0.6856166801311576,"followBentRate":false},{"uid":"91rnHfVuqF","xPos":0.9955555555555555,"yPos":0,"followBentRate":false}],"lookaheadKeyframes":[],"uid":"A1OVTG4mW7"}],"pc":{"speedLimit":{"minLimit":{"value":0,"label":"0"},"maxLimit":{"value":600,"label":"600"},"step":1,"from":6,"to":600},"bentRateApplicableRange":{"minLimit":{"value":0,"label":"0"},"maxLimit":{"value":1,"label":"1"},"step":0.001,"from":0,"to":0.046}},"name":"intake then load","uid":"6OaA9PZdtI","lock":false,"visible":true}]}