#PATH-POINTS-START Path
-159.866,-0.503,396.998,90
-156.891,-0.887,396.998
-153.904,-1.163,368.137
-150.908,-1.301,347.709
-147.909,-1.268,322.041
-144.92,-1.021,290.252
-141.982,-0.428,207.285
-139.166,0.59,110.464
-136.628,2.169,42.688
-134.575,4.343,50.489
-133.177,6.988,171.431
-132.342,9.865,258.444
-131.926,12.833,325.392
-131.793,15.829,372.734
-131.842,18.828,402.56
-132.015,21.823,402.56
-132.255,24.814,402.56
-132.531,27.801,402.56
-132.813,30.788,402.56
-133.081,33.775,402.56
-133.316,36.766,402.56
-133.496,39.761,402.56
-133.613,42.758,402.56
-133.642,45.758,396.381
-133.571,48.757,390.917
-133.394,51.751,385.536
-133.086,54.735,375.233
-132.634,57.7,370.477
-132.037,60.64,366.131
-131.287,63.544,362.323
-130.35,66.393,356.859
-129.246,69.182,355.447
-127.976,71.899,355.037
-126.541,74.532,355.668
-124.945,77.072,359.964
-123.182,79.499,363.46
-121.281,81.818,367.672
-119.251,84.027,372.432
-117.107,86.123,377.563
-114.859,88.109,382.892
-112.521,89.988,388.267
-110.103,91.764,393.556
-107.609,93.432,393.556
-105.052,94.999,398.657
-102.443,96.479,402.56
-99.79,97.879,402.56
-97.101,99.208,402.56
-94.367,100.443,402.56
-91.603,101.61,402.56
-88.818,102.723,402.56
-86.005,103.765,402.56
-83.169,104.743,402.56
-80.321,105.687,402.56,70
-77.453,106.567,402.56
-74.563,107.371,402.56
-71.664,108.141,402.56
-68.747,108.841,402.56
-65.813,109.466,402.56
-62.87,110.044,402.56
-59.908,110.525,402.56
-56.937,110.937,402.56
-53.958,111.29,402.56
-50.969,111.536,402.56
-47.974,111.703,402.56
-44.976,111.797,402.56
-41.976,111.796,402.56
-38.978,111.688,402.302
-35.985,111.496,401.085
-32.998,111.219,400.138
-30.022,110.837,400.138
-27.064,110.344,399.482
-24.122,109.759,399.129
-21.2,109.082,399.082
-18.301,108.312,399.335
-15.433,107.432,399.335
-12.598,106.45,399.875
-9.797,105.379,400.679
-7.03,104.22,401.722
-4.301,102.974,402.56
-1.612,101.644,402.56
1.027,100.218,402.56
3.621,98.712,402.56
6.172,97.133,402.56
8.677,95.484,402.56
11.138,93.768,402.56
13.553,91.989,402.56
15.918,90.142,402.56
18.233,88.235,402.56
20.503,86.275,402.56
22.731,84.265,402.56
24.916,82.21,402.56
27.06,80.111,402.56
29.162,77.971,402.56
31.217,75.786,402.56
33.235,73.566,402.56
35.217,71.314,402.56
37.164,69.032,402.56
39.078,66.722,402.56
40.96,64.386,402.56
42.807,62.022,402.56
44.624,59.635,402.56
46.415,57.228,402.56
48.18,54.802,402.56
49.922,52.36,402.56
51.642,49.902,402.56
53.341,47.429,402.56
55.02,44.943,402.56
56.681,42.445,402.56
58.328,39.938,402.56
59.963,37.422,402.56
61.588,34.9,402.56
63.204,32.373,402.56
64.814,29.842,402.56
66.421,27.309,402.56
68.028,24.775,402.56
69.637,22.243,402.56
71.253,19.715,402.56
72.878,17.194,402.56
74.517,14.681,402.56
76.176,12.182,402.56
77.86,9.699,402.56
79.575,7.237,402.56
81.329,4.804,402.56
83.13,2.405,402.56
84.988,0.049,402.527
86.927,-2.239,381.382
88.954,-4.45,367.564
91.087,-6.56,331.27
93.366,-8.509,307.972
95.754,-10.324,226.52,130
97.978,-12.331,284.994
99.919,-14.616,308.425
101.64,-17.071,344.344
103.131,-19.674,357.757
104.453,-22.366,368.781
105.623,-25.127,377.842
106.656,-27.944,385.295
107.563,-30.803,391.434
108.354,-33.697,400.676
109.04,-36.617,402.56
109.631,-39.558,402.56
110.133,-42.516,402.56
110.55,-45.487,402.56
110.882,-48.468,402.56
111.137,-51.457,402.56
111.317,-54.452,402.56
111.425,-57.45,402.56
111.463,-60.449,402.56
111.432,-63.449,402.56
111.334,-66.447,402.56
111.17,-69.442,402.56
110.938,-72.433,402.56
110.629,-75.417,402.56
110.254,-78.393,402.56
109.813,-81.361,402.56
109.306,-84.317,402.56
108.733,-87.262,402.56
108.092,-90.193,402.56
107.367,-93.103,402.56
106.572,-95.996,402.56
105.707,-98.868,402.56
104.77,-101.718,402.56
103.761,-104.543,402.56
102.671,-107.338,402.56
101.491,-110.096,402.56
100.234,-112.819,402.56
98.898,-115.505,401.543
97.481,-118.149,399.51
95.983,-120.747,397.419
94.391,-123.29,397.419
92.704,-125.771,395.304
90.931,-128.19,393.205
89.074,-130.545,391.172
87.13,-132.829,389.262
85.102,-135.039,387.536
82.979,-137.159,387.536
80.762,-139.18,386.059
78.465,-141.109,384.896
76.091,-142.941,384.107
73.643,-144.673,383.746
71.125,-146.303,383.85
68.524,-147.8,383.85
65.861,-149.179,384.442
63.144,-150.449,385.523
60.379,-151.608,387.075
57.567,-152.654,387.075
54.704,-153.55,389.06
51.811,-154.34,391.423
48.892,-155.029,394.098
45.947,-155.603,394.098
42.98,-156.041,397.011
40.001,-156.392,400.085
37.013,-156.657,400.085
34.016,-156.779,402.56
31.017,-156.831,402.56
28.017,-156.802,402.56
25.021,-156.652,402.56
22.029,-156.453,402.56
19.044,-156.15,402.56
16.068,-155.779,402.56
13.099,-155.349,402.56
10.145,-154.823,402.56
7.196,-154.272,402.56
4.271,-153.61,402.56
1.347,-152.936,402.56
-1.551,-152.161,402.56
-4.446,-151.376,402.56
-7.315,-150.498,402.56
-10.182,-149.617,402.56,290
-13.025,-148.658,402.56
-15.856,-147.666,402.56
-18.681,-146.655,402.56
-21.496,-145.619,402.56
-24.303,-144.561,402.56
-27.1,-143.476,402.56
-29.888,-142.369,402.56
-32.662,-141.227,402.56
-35.429,-140.066,402.56
-38.174,-138.857,402.56
-40.912,-137.632,402.56
-43.626,-136.352,402.56
-46.323,-135.04,402.56
-49.004,-133.693,402.56
-51.65,-132.28,402.56
-54.274,-130.826,402.56
-56.871,-129.324,402.56
-59.424,-127.749,402.56
-61.933,-126.105,402.56
-64.395,-124.392,396.518
-66.801,-122.6,388.708
-69.138,-120.72,379.999
-71.393,-118.742,370.449
-73.548,-116.656,360.2
-75.584,-114.454,349.5
-77.479,-112.131,338.723
-79.21,-109.682,328.361
-80.751,-107.109,318.997
-82.039,-104.402,305.686
-83.08,-101.59,302.738
-83.852,-98.693,305.306
-84.318,-95.731,310.531
-84.528,-92.74,326.764
-84.447,-89.742,336.702
-84.153,-86.757,347.179
-83.636,-83.803,368.225
-82.957,-80.881,378.276
-82.133,-77.997,396.79
-81.189,-75.15,402.56
-80.159,-72.332,402.56
-79.054,-69.544,402.56
-77.896,-66.776,402.56
-76.704,-64.023,402.56
-75.491,-61.279,402.56
-74.271,-58.539,402.56
-73.057,-55.795,402.56
-71.861,-53.044,402.56
-70.698,-50.279,402.56
-69.581,-47.494,402.56
-68.521,-44.688,402.56
-67.53,-41.856,402.56
-66.631,-38.994,391.421
-65.838,-36.102,385.316
-65.157,-33.18,379.274
-64.605,-30.232,373.408
-64.217,-27.258,362.795
-63.993,-24.267,358.395
-63.94,-21.268,354.845
-64.068,-18.271,352.316
-64.406,-15.291,350.824
-64.94,-12.34,351.969
-65.662,-9.43,354.331
-66.568,-6.571,357.793
-67.633,-3.767,402.56,340
-68.769,-0.99,402.56
-69.876,1.798,402.56
-70.95,4.599,402.56
-71.987,7.414,402.56
-72.976,10.246,402.56
-73.908,13.098,402.56
-74.778,15.969,401.52
-75.559,18.865,394.405
-76.241,21.786,376.592
-76.794,24.734,352.715
-77.172,27.71,321.093
-77.318,30.705,280.365
-77.155,33.698,230.659
-76.559,36.634,148.617
-75.417,39.401,89.722
-73.67,41.828,93.121
-71.401,43.78,155.437
-68.786,45.241,236.178
-65.981,46.299,304.973
-63.077,47.044,339.893
-60.123,47.564,366.827
-57.143,47.911,387.289
-54.152,48.129,402.56
-51.154,48.249,402.56
-48.155,48.294,402.56
-45.155,48.278,402.56
-42.155,48.214,402.56
-39.157,48.113,402.56
-36.16,47.982,402.56
-33.164,47.826,402.56
-30.169,47.652,402.56
-27.175,47.464,402.56
-24.182,47.264,402.56
-21.189,47.057,402.56
-18.196,46.843,402.56
-15.204,46.627,402.56
-12.212,46.408,402.56
-10.054,46.251,402.56,90
-10.054,46.251,0,90
#PATH.JERRYIO-DATA {"appVersion":"0.10.0","format":"path.jerryio v0.1","gc":{"robotWidth":12.5,"robotHeight":15,"robotIsHolonomic":false,"showRobot":false,"uol":1,"pointDensity":3,"controlMagnetDistance":5,"fieldImage":{"displayName":"V5RC 2026 - Push Back","signature":"V5RC-PushBack-H2H-TopDownHighlighted-TileColor66_71","origin":{"__type":"built-in"}},"coordinateSystem":"VEX Gaming Positioning System"},"paths":[{"segments":[{"controls":[{"uid":"JPcMMkAZmJ","x":-159.866485013624,"y":-0.502724795640327,"lock":false,"visible":true,"heading":90,"__type":"end-point"},{"uid":"HZMkFOgwT3","x":-90.49046321525886,"y":-10.557220708446867,"lock":false,"visible":true,"__type":"control"},{"uid":"kaC8XVGIWn","x":-186.00817438692098,"y":74.4032697547684,"lock":false,"visible":true,"__type":"control"},{"uid":"H4DH8G64sJ","x":-77.41961852861036,"y":106.57765667574932,"lock":false,"visible":true,"heading":70,"__type":"end-point"}],"speedProfiles":[{"uid":"V0m54oXgcd","xPos":0,"yPos":0.8945775841200678,"followBentRate":true}],"lookaheadKeyframes":[],"uid":"lE7H7uQwkp"},{"controls":[{"uid":"H4DH8G64sJ","x":-77.41961852861036,"y":106.57765667574932,"lock":false,"visible":true,"heading":70,"__type":"end-point"},{"uid":"UhMuhW9ymy","x":31.16893732970027,"y":138.75204359673023,"lock":false,"visible":true,"__type":"control"},{"uid":"hBu7w6rH7q","x":61.99371235622182,"y":13.192221498417332,"lock":false,"visible":true,"__type":"control"},{"uid":"lQ0zJglX15","x":94.92218647066323,"y":-9.681756703217578,"lock":false,"visible":true,"heading":130,"__type":"end-point"}],"speedProfiles":[],"lookaheadKeyframes":[],"uid":"ZnTLsOO5k7"},{"controls":[{"uid":"lQ0zJglX15","x":94.92218647066323,"y":-9.681756703217578,"lock":false,"visible":true,"heading":130,"__type":"end-point"},{"uid":"KfPhB9Fo2a","x":127.8506605851047,"y":-32.555734904852486,"lock":false,"visible":true,"__type":"control"},{"uid":"VLNxX10sJD","x":121.15667574931881,"y":-195.5599455040872,"lock":false,"visible":true,"__type":"control"},{"uid":"2U21aBZyqM","x":-14.076294277929156,"y":-148.30381471389646,"lock":false,"visible":true,"heading":290,"__type":"end-point"}],"speedProfiles":[],"lookaheadKeyframes":[],"uid":"JWpkvoxPBP"},{"controls":[{"uid":"2U21aBZyqM","x":-14.076294277929156,"y":-148.30381471389646,"lock":false,"visible":true,"heading":290,"__type":"end-point"},{"uid":"Nj7SnzUKCF","x":-149.30926430517712,"y":-101.0476839237057,"lock":false,"visible":true,"__type":"control"},{"uid":"AXOxHt8NWa","x":-43.90134636961052,"y":-60.8275097504942,"lock":false,"visible":true,"__type":"control"},{"uid":"NgYPDjVWqv","x":-67.52941176470588,"y":-4.019607843137255,"lock":false,"visible":true,"heading":340,"__type":"end-point"}],"speedProfiles":[],"lookaheadKeyframes":[],"uid":"yQNZcyVopI"},{"controls":[{"uid":"NgYPDjVWqv","x":-67.52941176470588,"y":-4.019607843137255,"lock":false,"visible":true,"heading":340,"__type":"end-point"},{"uid":"2diBr5T3oz","x":-91.15747715980125,"y":52.78829406421969,"lock":false,"visible":true,"__type":"control"},{"uid":"jODJYL9vbv","x":-72.05393492546882,"y":50.77739488165839,"lock":false,"visible":true,"__type":"control"},{"uid":"gR1rTijB8f","x":-10.05449591280654,"y":46.25068119891009,"lock":false,"visible":true,"heading":90,"__type":"end-point"}],"speedProfiles":[],"lookaheadKeyframes":[],"uid":"Ng1Dfnro2S"}],"pc":{"speedLimit":{"minLimit":{"value":0,"label":"0"},"maxLimit":{"value":600,"label":"600"},"step":1,"from":0,"to":450},"bentRateApplicableRange":{"minLimit":{"value":0,"label":"0"},"maxLimit":{"value":1,"label":"1"},"step":0.001,"from":0,"to":0.1}},"name":"Path","uid":"ALJeIj7g7r","lock":false,"visible":true}]}