#PATH-POINTS-START Path
-159.866,-0.503,0,90
-159.385,-0.367,10.169
-158.904,-0.23,20.339
-158.423,-0.093,30.508
-157.943,0.045,40.678
-157.462,0.183,50.847
-156.982,0.322,61.017
-156.502,0.462,71.186
-156.022,0.602,81.356
-155.543,0.744,91.525
-155.063,0.885,101.695
-154.584,1.028,111.864
-154.105,1.171,122.034
-153.626,1.315,132.203
-153.147,1.46,142.373
-152.669,1.606,152.542
-152.191,1.752,162.712
-151.713,1.899,172.881
-151.235,2.047,183.051
-150.758,2.196,193.22
-150.281,2.345,203.39
-149.804,2.495,213.559
-149.328,2.647,223.729
-148.851,2.799,233.898
-148.375,2.951,244.068
-147.899,3.105,254.237
-147.424,3.26,264.407
-146.949,3.415,274.576
-146.474,3.572,284.746
-145.999,3.729,294.915
-145.525,3.887,305.085
-145.051,4.046,315.254
-144.577,4.207,325.424
-144.104,4.368,335.593
-143.631,4.53,345.763
-143.158,4.693,355.932
-142.686,4.857,366.102
-142.214,5.022,376.271
-141.742,5.188,386.441
-141.271,5.356,396.61
-140.8,5.524,406.78
-140.33,5.693,416.949
-139.86,5.864,427.119
-139.39,6.036,437.288
-138.921,6.208,447.458
-138.452,6.382,457.627
-137.984,6.558,467.797
-137.516,6.734,477.966
-137.049,6.912,488.136
-136.582,7.09,498.305
-136.116,7.271,508.475
-135.65,7.452,518.644
-135.184,7.635,528.814
-134.719,7.819,538.983
-134.255,8.004,539.25
-133.791,8.191,537.841
-133.328,8.38,536.397
-132.865,8.569,534.917
-132.403,8.76,533.402
-131.942,8.953,533.402
-131.481,9.147,531.849
-131.021,9.343,530.258
-130.562,9.54,528.629
-130.103,9.739,526.96
-129.645,9.939,525.251
-129.187,10.141,523.5
-128.731,10.345,523.5
-128.275,10.55,521.708
-127.82,10.757,519.872
-127.366,10.966,517.993
-126.912,11.177,516.069
-126.46,11.39,514.099
-126.008,11.604,512.083
-125.557,11.821,510.019
-125.107,12.039,507.908
-124.659,12.259,505.748
-124.211,12.482,503.537
-123.764,12.706,501.277
-123.318,12.933,498.964
-122.874,13.162,496.6
-122.43,13.393,494.183
-121.988,13.626,491.712
-121.547,13.861,489.186
-121.107,14.099,486.606
-120.669,14.34,483.969
-120.232,14.582,481.277
-119.796,14.828,478.527
-119.362,15.076,475.72
-118.929,15.326,472.855
-118.498,15.579,469.932
-118.068,15.835,466.95
-117.64,16.093,463.909
-117.214,16.355,460.809
-116.789,16.619,457.65
-116.367,16.886,454.431
-115.946,17.156,447.816
-115.527,17.43,444.419
-115.111,17.706,440.964
-114.696,17.986,437.451
-114.284,18.268,433.88
-113.874,18.555,426.567
-113.466,18.844,422.828
-113.061,19.138,419.034
-112.659,19.434,415.188
-112.259,19.734,411.29
-111.862,20.039,403.346
-111.468,20.346,399.304
-111.077,20.658,395.218
-110.689,20.974,386.924
-110.305,21.293,382.721
-109.923,21.617,378.484
-109.546,21.944,369.922
-109.172,22.276,365.605
-108.802,22.612,356.914
-108.436,22.953,352.55
-108.074,23.298,348.178
-107.716,23.647,339.432
-107.363,24.001,335.068
-107.014,24.359,326.384
-106.67,24.722,322.076
-106.331,25.09,313.553
-105.997,25.462,309.351
-105.669,25.839,301.099
-105.346,26.221,293.092
-105.029,26.608,289.197
-104.718,26.999,281.656
-104.413,27.395,278.025
-104.114,27.796,271.073
-103.822,28.202,264.58
-103.536,28.612,261.523
-103.258,29.027,255.816
-102.986,29.447,250.694
-102.721,29.871,248.366
-102.464,30.3,244.205
-102.215,30.733,240.732
-101.973,31.171,237.98
-101.738,31.613,235.978
-101.512,32.059,235.264
-101.294,32.508,234.421
-101.084,32.962,234.366
-100.882,33.42,235.102
-100.689,33.881,236.626
-100.503,34.345,237.681
-100.326,34.813,240.367
-100.158,35.283,243.805
-99.997,35.757,247.968
-99.845,36.233,252.827
-99.701,36.712,258.347
-99.565,37.193,264.488
-99.437,37.676,271.209
-99.317,38.162,274.773
-99.205,38.649,282.281
-99.1,39.138,290.255
-99.003,39.628,298.647
-98.914,40.12,307.413
-98.831,40.613,316.504
-98.755,41.108,325.875
-98.686,41.603,335.484
-98.624,42.099,345.288
-98.567,42.596,355.248
-98.517,43.093,360.274
-98.473,43.591,370.399
-98.435,44.09,380.591
-98.401,44.589,390.822
-98.373,45.088,401.062
-98.35,45.587,411.287
-98.332,46.087,421.475
-98.318,46.587,431.606
-98.309,47.087,436.645
-98.303,47.587,446.659
-98.301,48.087,456.577
-98.303,48.587,466.387
-98.308,49.087,476.08
-98.316,49.586,485.648
-98.328,50.086,495.083
-98.341,50.586,499.75
-98.358,51.086,508.978
-98.376,51.586,518.064
-98.397,52.085,527.006
-98.42,52.585,535.803
-98.444,53.084,540.146
-98.47,53.583,548.724
-98.497,54.083,557.157
-98.525,54.582,565.446
-98.554,55.081,569.537
-98.583,55.58,577.613
-98.614,56.079,585.549
-98.645,56.578,593.347
-98.676,57.077,597.45
-98.707,57.576,595.209
-98.738,58.075,587.745
-98.768,58.574,580.412
-98.799,59.073,576.793
-98.828,59.573,569.652
-98.857,60.072,562.635
-98.886,60.571,555.743
-98.913,61.07,552.343
-98.939,61.57,545.636
-98.963,62.069,539.05
-98.987,62.568,535.802
-99.008,63.068,529.399
-99.028,63.568,523.118
-99.046,64.067,520.023
-99.063,64.567,513.926
-99.077,65.067,507.954
-99.089,65.567,505.015
-99.098,66.067,499.233
-99.105,66.566,493.581
-99.11,67.066,490.805
-99.112,67.566,485.353
-99.111,68.066,480.04
-99.107,68.566,477.436
-99.1,69.066,472.337
-99.09,69.566,467.386
-99.077,70.066,464.968
-99.061,70.566,460.249
-99.041,71.065,457.95
-99.018,71.565,453.475
-98.991,72.064,449.17
-98.96,72.563,447.083
-98.926,73.062,443.044
-98.888,73.561,441.093
-98.846,74.059,437.332
-98.8,74.557,435.524
-98.75,75.054,432.056
-98.696,75.551,428.79
-98.638,76.048,427.235
-98.576,76.544,424.284
-98.509,77.04,422.89
-98.438,77.534,420.266
-98.363,78.029,419.037
-98.283,78.522,416.75
-98.199,79.015,415.693
-98.11,79.507,413.754
-98.017,79.999,412.872
-97.92,80.489,411.287
-97.818,80.978,410.585
-97.711,81.467,409.36
-97.6,81.954,408.838
-97.484,82.441,407.976
-97.364,82.926,407.635
-97.239,83.41,407.136
-97.109,83.893,406.977
-96.976,84.375,406.877
-96.837,84.855,406.857
-96.694,85.334,406.936
-96.546,85.812,407.267
-96.394,86.288,407.52
-96.237,86.763,407.829
-96.076,87.236,408.614
-95.91,87.708,409.089
-95.74,88.178,409.618
-95.565,88.647,410.833
-95.386,89.114,411.518
-95.204,89.579,413.037
-95.016,90.043,413.868
-94.824,90.504,414.747
-94.628,90.964,415.671
-94.428,91.423,417.651
-94.224,91.879,418.704
-94.016,92.333,419.799
-93.803,92.786,422.104
-93.587,93.237,423.312
-93.367,93.686,424.556
-93.143,94.133,425.833
-92.915,94.578,428.484
-92.683,95.021,429.855
-92.448,95.462,431.255
-92.209,95.901,432.681
-91.966,96.338,434.133
-91.72,96.774,437.107
-91.47,97.207,438.627
-91.217,97.638,440.167
-90.96,98.067,441.726
-90.701,98.494,443.301
-90.437,98.919,446.499
-90.171,99.342,448.118
-89.901,99.763,449.75
-89.628,100.182,451.391
-89.353,100.599,453.043
-89.074,101.014,454.702
-88.792,101.428,456.369
-88.507,101.839,458.042
-88.22,102.248,459.719
-87.929,102.655,463.083
-87.636,103.06,464.768
-87.34,103.463,466.453
-87.042,103.864,468.137
-86.74,104.263,469.821
-86.437,104.66,471.501
-86.13,105.055,473.179
-85.821,105.448,474.852
-85.51,105.84,476.52
-85.197,106.229,478.182
-84.881,106.617,479.838
-84.562,107.002,481.487
-84.242,107.386,483.127
-83.919,107.768,484.759
-83.594,108.148,486.381
-83.267,108.526,487.994
-82.938,108.903,489.596
-82.607,109.277,491.186
-82.274,109.65,492.766
-81.939,110.021,494.333
-81.602,110.39,495.888
-81.263,110.758,495.888
-80.922,111.124,497.429
-80.579,111.487,498.958
-80.234,111.85,500.472
-79.888,112.21,501.973
-79.54,112.569,503.459
-79.19,112.926,504.93
-78.838,113.282,506.387
-78.485,113.636,507.828
-78.13,113.988,531.846,70
-77.768,114.332,531.846
-77.404,114.676,530.208
-77.04,115.019,530.208
-76.675,115.36,528.529
-76.308,115.7,526.808
-75.94,116.039,526.808
-75.571,116.376,525.044
-75.201,116.712,525.044
-74.83,117.047,523.236
-74.457,117.38,521.384
-74.083,117.712,521.384
-73.708,118.042,519.485
-73.331,118.372,517.541
-72.953,118.699,517.541
-72.574,119.025,515.549
-72.194,119.349,515.549
-71.812,119.672,513.508
-71.429,119.993,511.419
-71.044,120.313,511.419
-70.658,120.63,509.281
-70.271,120.947,507.092
-69.882,121.261,507.092
-69.492,121.574,504.852
-69.1,121.885,502.56
-68.707,122.194,502.56
-68.313,122.501,500.216
-67.917,122.806,497.818
-67.519,123.11,497.818
-67.12,123.411,495.368
-66.719,123.71,492.863
-66.318,124.007,490.304
-65.914,124.302,490.304
-65.508,124.595,487.69
-65.102,124.885,485.02
-64.693,125.174,485.02
-64.283,125.46,482.296
-63.871,125.743,479.516
-63.458,126.025,476.681
-63.043,126.304,476.681
-62.626,126.58,473.791
-62.208,126.853,470.845
-61.788,127.125,467.845
-61.366,127.393,467.845
-60.942,127.659,464.79
-60.517,127.921,461.682
-60.09,128.182,458.52
-59.661,128.439,455.307
-59.23,128.693,455.307
-58.798,128.944,452.042
-58.364,129.192,448.727
-57.928,129.436,445.364
-57.49,129.678,441.954
-57.05,129.916,441.954
-56.609,130.151,438.498
-56.165,130.382,435
-55.72,130.609,431.46
-55.273,130.833,427.882
-54.824,131.054,424.268
-54.374,131.27,424.268
-53.921,131.483,420.621
-53.466,131.691,416.943
-53.01,131.895,413.24
-52.552,132.096,409.513
-52.092,132.292,405.766
-51.63,132.484,402.005
-51.167,132.671,398.233
-50.702,132.854,398.233
-50.234,133.032,394.455
-49.765,133.206,390.676
-49.295,133.374,386.9
-48.822,133.538,383.133
-48.348,133.696,379.381
-47.872,133.85,375.65
-47.395,133.998,371.945
-46.915,134.141,368.272
-46.435,134.279,364.639
-45.953,134.411,361.05
-45.469,134.538,357.514
-44.984,134.658,354.037
-44.497,134.773,350.625
-44.009,134.882,347.286
-43.52,134.985,344.027
-43.029,135.082,340.854
-42.538,135.173,337.774
-42.045,135.257,334.795
-41.551,135.335,331.923
-41.056,135.407,329.164
-40.56,135.472,326.526
-40.064,135.53,324.015
-39.566,135.582,321.636
-39.068,135.626,319.395
-38.57,135.664,317.299
-38.071,135.696,315.352
-37.572,135.72,313.559
-37.072,135.737,311.924
-36.572,135.747,310.453
-36.072,135.75,309.147
-35.572,135.746,308.011
-35.072,135.735,306.257
-34.572,135.716,305.643
-34.073,135.69,305.206
-33.574,135.657,304.947
-33.076,135.616,304.865
-32.578,135.569,304.961
-32.081,135.514,305.234
-31.585,135.452,305.681
-31.09,135.383,306.302
-30.596,135.307,307.093
-30.103,135.224,309.176
-29.611,135.134,310.46
-29.121,135.036,311.901
-28.632,134.931,313.495
-28.144,134.82,315.236
-27.658,134.702,317.119
-27.174,134.577,319.138
-26.692,134.445,321.289
-26.211,134.307,323.566
-25.733,134.163,325.961
-25.256,134.012,331.086
-24.781,133.854,333.802
-24.309,133.69,336.613
-23.839,133.52,339.511
-23.371,133.344,342.49
-22.905,133.162,345.544
-22.442,132.974,348.667
-21.981,132.781,351.852
-21.522,132.582,355.093
-21.066,132.377,358.385
-20.612,132.167,361.72
-20.161,131.952,365.094
-19.712,131.731,371.935
-19.266,131.505,375.392
-18.823,131.275,378.866
-18.382,131.039,382.352
-17.943,130.798,385.847
-17.507,130.553,389.345
-17.074,130.304,392.842
-16.643,130.05,396.335
-16.215,129.792,399.819
-15.79,129.529,403.291
-15.367,129.262,406.749
-14.947,128.992,410.188
-14.529,128.717,413.606
-14.113,128.439,417
-13.701,128.156,420.368
-13.291,127.87,423.707
-12.883,127.581,427.016
-12.478,127.288,430.292
-12.075,126.992,433.534
-11.675,126.692,436.74
-11.277,126.389,439.908
-10.881,126.083,443.038
-10.488,125.774,446.128
-10.098,125.462,449.177
-9.709,125.147,452.184
-9.323,124.829,455.15
-8.94,124.509,458.072
-8.558,124.185,460.95
-8.179,123.86,463.785
-7.802,123.531,466.576
-7.427,123.2,469.322
-7.055,122.867,472.023
-6.684,122.531,474.68
-6.316,122.193,477.292
-5.949,121.853,479.86
-5.585,121.511,482.383
-5.222,121.166,484.862
-4.862,120.819,487.297
-4.504,120.471,489.688
-4.147,120.12,489.688
-3.793,119.767,492.037
-3.44,119.413,494.342
-3.09,119.056,496.605
-2.741,118.698,498.826
-2.394,118.338,501.005
-2.048,117.977,503.144
-1.705,117.614,505.242
-1.363,117.249,507.3
-1.022,116.883,509.318
-0.684,116.515,511.298
-0.347,116.145,511.298
-0.012,115.774,513.24
0.322,115.402,515.145
0.654,115.028,517.012
0.985,114.653,518.844
1.314,114.276,520.64
1.641,113.899,522.401
1.967,113.52,524.127
2.292,113.14,524.127
2.615,112.758,525.82
2.937,112.375,527.48
3.257,111.991,529.108
3.577,111.606,530.704
3.894,111.22,532.269
4.211,110.833,533.804
4.526,110.445,533.804
4.84,110.056,535.309
5.153,109.666,536.785
5.464,109.275,538.232
5.774,108.883,539.651
6.083,108.49,541.043
6.391,108.096,541.043
6.698,107.701,542.409
7.003,107.305,543.748
7.308,106.908,545.062
7.611,106.511,546.351
7.914,106.113,547.616
8.215,105.714,547.616
8.515,105.314,548.857
8.814,104.913,550.075
9.113,104.512,551.27
9.41,104.11,552.443
9.707,103.707,552.443
10.002,103.304,553.595
10.296,102.9,554.725
10.59,102.495,555.835
10.882,102.09,556.925
11.174,101.684,557.995
11.465,101.277,557.995
11.755,100.87,559.047
12.044,100.462,560.079
12.333,100.053,561.094
12.621,99.644,561.094
12.907,99.235,562.091
13.193,98.825,563.07
13.479,98.414,564.033
13.763,98.003,564.98
14.047,97.591,564.98
14.33,97.179,565.91
14.613,96.767,566.825
14.895,96.354,567.725
15.176,95.94,567.725
15.456,95.526,568.61
15.736,95.112,569.481
16.015,94.697,570.338
16.294,94.282,571.181
16.572,93.866,571.181
16.849,93.45,572.011
17.126,93.034,572.828
17.402,92.617,573.633
17.678,92.2,573.633
17.953,91.782,574.425
18.227,91.364,575.206
18.501,90.946,575.975
18.775,90.528,575.975
19.048,90.109,576.733
19.32,89.69,577.48
19.593,89.27,578.216
19.864,88.851,578.216
20.135,88.43,578.942
20.406,88.01,579.658
20.677,87.589,580.364
20.946,87.169,580.364
21.216,86.747,581.061
21.485,86.326,581.749
21.754,85.904,582.428
22.022,85.482,582.428
22.29,85.06,583.098
22.558,84.638,583.76
22.825,84.215,584.414
23.092,83.793,584.414
23.358,83.37,585.06
23.625,82.946,585.698
23.891,82.523,586.329
24.156,82.099,586.329
24.422,81.676,586.953
24.687,81.252,587.57
24.952,80.828,587.57
25.216,80.403,588.18
25.481,79.979,588.784
25.745,79.554,589.381
26.009,79.13,589.381
26.272,78.705,589.564
26.536,78.28,589.545
26.799,77.855,589.525
27.062,77.43,589.505
27.325,77.004,589.485
27.587,76.579,589.466
27.85,76.153,589.446
28.112,75.728,589.426
28.374,75.302,589.406
28.636,74.876,589.387
28.898,74.45,589.367
29.16,74.024,589.347
29.422,73.598,589.327
29.683,73.172,589.308
29.945,72.746,589.288
30.206,72.319,589.268
30.467,71.893,589.248
30.728,71.467,589.228
30.99,71.04,589.209
31.251,70.614,589.189
31.512,70.187,589.169
31.772,69.761,589.149
32.033,69.334,589.13
32.294,68.908,589.11
32.555,68.481,589.09
32.816,68.054,589.07
33.077,67.628,589.051
33.337,67.201,589.031
33.598,66.775,589.011
33.859,66.348,588.991
34.12,65.922,588.972
34.381,65.495,588.952
34.642,65.068,588.932
34.903,64.642,588.912
35.164,64.215,588.893
35.425,63.789,588.873
35.686,63.363,588.853
35.947,62.936,588.833
36.208,62.51,588.813
36.47,62.084,588.794
36.731,61.658,588.774
36.993,61.231,588.754
37.254,60.805,588.734
37.516,60.379,588.715
37.778,59.953,588.695
38.04,59.528,588.675
38.302,59.102,588.655
38.565,58.676,588.636
38.827,58.251,588.616
39.09,57.825,588.596
39.352,57.4,588.576
39.615,56.975,588.557
39.879,56.549,588.537
40.142,56.124,588.517
40.406,55.7,588.497
40.669,55.275,588.477
40.933,54.85,588.458
41.197,54.426,588.438
41.462,54.001,588.418
41.726,53.577,588.269
41.991,53.153,587.776
42.256,52.729,587.776
42.522,52.305,587.283
42.787,51.882,586.788
43.053,51.458,586.788
43.32,51.035,586.293
43.586,50.612,585.796
43.853,50.189,585.796
44.12,49.766,585.298
44.387,49.344,584.799
44.655,48.921,584.298
44.923,48.499,584.298
45.191,48.077,583.795
45.46,47.656,583.291
45.729,47.234,583.291
45.998,46.813,582.784
46.267,46.392,582.276
46.537,45.971,582.276
46.808,45.55,581.766
47.079,45.13,581.253
47.35,44.71,581.253
47.621,44.29,580.738
47.893,43.87,580.22
48.165,43.451,579.7
48.438,43.032,579.7
48.711,42.613,579.177
48.985,42.195,578.651
49.259,41.776,578.651
49.533,41.358,578.123
49.808,40.941,577.591
50.083,40.523,577.591
50.359,40.106,577.056
50.635,39.689,576.517
50.912,39.273,575.975
51.189,38.857,575.975
51.467,38.441,575.43
51.745,38.026,574.881
52.024,37.61,574.881
52.303,37.196,574.328
52.583,36.781,573.771
52.863,36.367,573.771
53.144,35.953,573.21
53.425,35.54,572.645
53.707,35.127,572.076
53.989,34.714,572.076
54.272,34.302,571.502
54.556,33.89,570.923
54.84,33.479,570.923
55.125,33.068,570.341
55.41,32.657,569.753
55.696,32.247,569.753
55.982,31.837,569.16
56.27,31.428,568.563
56.557,31.019,567.96
56.846,30.611,567.96
57.135,30.203,567.352
57.424,29.795,566.739
57.715,29.388,566.739
58.006,28.982,566.12
58.298,28.575,565.496
58.59,28.17,565.496
58.883,27.765,564.865
59.177,27.36,564.23
59.471,26.956,563.588
59.766,26.552,563.588
60.062,26.149,562.94
60.359,25.747,562.286
60.656,25.345,562.286
60.954,24.943,561.626
61.253,24.543,560.959
61.552,24.142,560.286
61.853,23.742,560.286
62.154,23.343,559.606
62.456,22.945,558.919
62.759,22.547,558.919
63.062,22.15,558.226
63.367,21.753,557.525
63.672,21.357,556.818
63.978,20.961,556.818
64.284,20.566,556.103
64.592,20.172,555.381
64.901,19.779,555.381
65.21,19.386,554.652
65.52,18.994,553.916
65.831,18.602,553.171
66.143,18.212,553.171
66.456,17.822,552.419
66.77,17.433,551.66
67.085,17.044,551.66
67.4,16.656,550.892
67.717,16.269,550.117
68.034,15.883,549.333
68.353,15.497,549.333
68.672,15.113,548.542
68.993,14.729,547.742
69.314,14.346,547.742
69.636,13.964,546.934
69.96,13.582,546.117
70.284,13.202,545.293
70.609,12.822,545.293
70.936,12.443,544.46
71.263,12.065,543.618
71.591,11.688,542.767
71.921,11.312,542.767
72.252,10.937,541.908
72.583,10.563,541.041
72.916,10.189,540.165
73.25,9.817,540.165
73.584,9.446,539.279
73.92,9.076,538.386
74.257,8.706,538.386
74.595,8.338,537.483
74.935,7.971,536.572
75.275,7.604,535.651
75.617,7.239,535.651
75.959,6.875,534.722
76.303,6.512,533.785
76.648,6.15,532.838
76.994,5.789,532.838
77.342,5.43,531.883
77.691,5.072,530.919
78.04,4.714,529.946
78.391,4.358,529.946
78.744,4.003,528.964
79.097,3.65,527.975
79.452,3.297,526.976
79.808,2.946,526.976
80.165,2.596,525.97
80.523,2.248,524.955
80.883,1.9,523.932
81.244,1.554,523.932
81.606,1.21,522.9
81.97,0.867,521.861
82.335,0.525,520.815
82.701,0.184,520.815
83.069,-0.154,519.76
83.438,-0.492,518.699
83.808,-0.828,517.63
84.179,-1.163,517.63
84.552,-1.496,516.554
84.927,-1.827,515.471
85.302,-2.157,514.382
85.679,-2.486,514.382
86.057,-2.813,513.287
86.437,-3.138,512.185
86.818,-3.462,511.078
87.201,-3.784,511.078
87.585,-4.104,509.966
87.97,-4.422,508.849
88.357,-4.739,507.727
88.745,-5.055,506.601
89.135,-5.368,506.601
89.526,-5.679,505.471
89.918,-5.989,504.338
90.312,-6.297,503.201
90.707,-6.603,503.201
91.104,-6.907,502.062
91.503,-7.209,500.921
91.902,-7.51,499.779
92.303,-7.809,499.779
92.706,-8.105,498.635
93.11,-8.399,497.491
93.516,-8.691,496.347
93.923,-8.982,495.204
94.331,-9.27,495.204
94.742,-9.556,494.062
95.151,-9.844,502.245,130
95.558,-10.134,501.667
95.964,-10.426,501.667
96.368,-10.72,501.092
96.771,-11.015,500.52
97.173,-11.313,500.52
97.573,-11.613,499.951
97.972,-11.915,499.385
98.369,-12.219,499.385
98.765,-12.525,498.823
99.159,-12.832,498.264
99.552,-13.141,498.264
99.942,-13.453,497.709
100.332,-13.767,497.158
100.72,-14.082,496.61
101.106,-14.4,496.61
101.491,-14.719,496.066
101.874,-15.04,495.527
102.255,-15.363,495.527
102.635,-15.689,494.991
103.013,-16.016,494.46
103.39,-16.345,493.933
103.764,-16.676,493.933
104.137,-17.01,493.411
104.508,-17.345,492.893
104.878,-17.681,492.893
105.245,-18.02,492.38
105.611,-18.361,491.871
105.975,-18.704,491.368
106.337,-19.049,491.368
106.697,-19.395,490.869
107.056,-19.744,490.375
107.413,-20.094,489.887
107.767,-20.447,489.887
108.12,-20.801,489.403
108.471,-21.157,488.925
108.82,-21.515,488.925
109.167,-21.875,488.452
109.512,-22.237,487.985
109.855,-22.601,487.523
110.196,-22.967,487.523
110.535,-23.334,487.066
110.872,-23.704,486.615
111.207,-24.075,486.17
111.54,-24.448,486.17
111.87,-24.823,485.73
112.199,-25.2,485.297
112.525,-25.579,484.869
112.85,-25.959,484.869
113.172,-26.342,484.446
113.491,-26.726,484.03
113.809,-27.112,483.62
114.125,-27.5,483.216
114.438,-27.89,483.216
114.749,-28.281,482.817
115.058,-28.674,482.425
115.365,-29.069,482.039
115.669,-29.466,482.039
115.971,-29.865,481.659
116.271,-30.265,481.285
116.568,-30.667,480.918
116.863,-31.07,480.918
117.156,-31.476,480.556
117.446,-31.883,480.201
117.734,-32.292,479.852
118.019,-32.702,479.509
118.302,-33.115,479.509
118.582,-33.529,479.172
118.86,-33.944,478.842
119.136,-34.361,478.517
119.41,-34.78,478.517
119.68,-35.201,478.199
119.948,-35.623,477.887
120.213,-36.046,477.582
120.477,-36.471,477.282
120.737,-36.898,477.282
120.995,-37.327,476.989
121.25,-37.757,476.701
121.502,-38.188,476.42
121.753,-38.621,476.145
122,-39.056,476.145
122.245,-39.492,475.876
122.487,-39.929,475.613
122.726,-40.368,475.356
122.963,-40.808,475.105
123.197,-41.25,475.105
123.428,-41.694,474.86
123.656,-42.138,474.62
123.882,-42.585,474.387
124.106,-43.032,474.159
124.326,-43.481,474.159
124.543,-43.931,473.937
124.758,-44.383,473.72
124.97,-44.836,473.509
125.179,-45.29,473.304
125.386,-45.745,473.104
125.589,-46.202,473.104
125.789,-46.66,472.909
125.987,-47.119,472.72
126.182,-47.58,472.536
126.374,-48.041,472.358
126.563,-48.504,472.358
126.749,-48.968,472.184
126.932,-49.434,472.016
127.112,-49.9,471.853
127.29,-50.367,471.694
127.464,-50.836,471.541
127.635,-51.306,471.541
127.804,-51.777,471.392
127.969,-52.248,471.248
128.132,-52.721,471.108
128.291,-53.195,470.973
128.448,-53.67,470.843
128.601,-54.146,470.843
128.752,-54.623,470.717
128.899,-55.1,470.595
129.043,-55.579,470.477
129.185,-56.059,470.364
129.323,-56.539,470.254
129.458,-57.021,470.254
129.59,-57.503,470.149
129.719,-57.986,470.047
129.845,-58.47,469.95
129.968,-58.954,469.856
130.088,-59.44,469.765
130.205,-59.926,469.765
130.318,-60.413,469.678
130.428,-60.901,469.595
130.536,-61.389,469.515
130.64,-61.878,469.438
130.741,-62.368,469.364
130.839,-62.858,469.364
130.934,-63.349,469.294
131.025,-63.841,469.226
131.113,-64.333,469.162
131.199,-64.825,469.1
131.281,-65.319,469.041
131.36,-65.812,468.985
131.436,-66.306,468.985
131.508,-66.801,468.931
131.577,-67.296,468.88
131.643,-67.792,468.832
131.706,-68.288,468.785
131.766,-68.784,468.741
131.823,-69.281,468.741
131.876,-69.778,468.7
131.926,-70.276,468.66
131.973,-70.774,468.622
132.016,-71.272,468.587
132.057,-71.77,468.553
132.094,-72.269,468.521
132.129,-72.768,468.521
132.159,-73.267,468.491
132.187,-73.766,468.463
132.211,-74.265,468.436
132.232,-74.765,468.411
132.25,-75.264,468.388
132.265,-75.764,468.366
132.276,-76.264,468.366
132.284,-76.764,468.345
132.289,-77.264,468.325
132.291,-77.764,468.307
132.289,-78.264,468.29
132.285,-78.764,468.274
132.277,-79.264,468.26
132.266,-79.764,468.26
132.251,-80.264,468.246
132.233,-80.763,468.234
132.212,-81.263,468.222
132.188,-81.762,468.211
132.16,-82.261,468.201
132.13,-82.761,468.192
132.096,-83.259,468.184
132.059,-83.758,468.184
132.018,-84.256,468.177
131.975,-84.754,468.17
131.928,-85.252,468.164
131.878,-85.75,468.159
131.825,-86.247,468.154
131.768,-86.744,468.15
131.709,-87.24,468.15
131.646,-87.736,468.146
131.579,-88.232,468.143
131.51,-88.727,468.141
131.437,-89.222,468.139
131.362,-89.716,468.137
131.283,-90.21,468.136
131.201,-90.703,468.136
131.115,-91.195,468.136
131.027,-91.687,468.136
130.935,-92.179,468.136
130.84,-92.67,468.137
130.742,-93.16,468.139
130.641,-93.65,468.14
130.536,-94.139,468.14
130.429,-94.627,468.143
130.318,-95.115,468.145
130.204,-95.601,468.149
130.086,-96.088,468.152
129.966,-96.573,468.156
129.843,-97.057,468.161
129.717,-97.541,468.166
129.587,-98.024,468.166
129.454,-98.506,468.172
129.318,-98.987,468.178
129.179,-99.467,468.185
129.037,-99.947,468.192
128.892,-100.425,468.2
128.744,-100.903,468.208
128.592,-101.379,468.208
128.437,-101.855,468.218
128.28,-102.329,468.228
128.119,-102.803,468.238
127.955,-103.275,468.25
127.789,-103.747,468.262
127.619,-104.217,468.275
127.446,-104.686,468.275
127.27,-105.154,468.289
127.091,-105.621,468.304
126.909,-106.087,468.32
126.724,-106.551,468.336
126.536,-107.014,468.354
126.345,-107.477,468.373
126.152,-107.938,468.393
125.954,-108.397,468.393
125.754,-108.855,468.415
125.551,-109.312,468.437
125.346,-109.768,468.461
125.137,-110.222,468.487
124.925,-110.675,468.514
124.711,-111.127,468.542
124.493,-111.577,468.542
124.273,-112.026,468.572
124.049,-112.473,468.604
123.823,-112.919,468.637
123.594,-113.364,468.672
123.362,-113.807,468.709
123.128,-114.248,468.709
122.89,-114.688,468.748
122.649,-115.126,468.789
122.406,-115.563,468.831
122.159,-115.998,468.877
121.911,-116.432,468.924
121.659,-116.864,468.973
121.405,-117.294,468.973
121.147,-117.723,469.025
120.887,-118.15,469.08
120.624,-118.575,469.137
120.359,-118.999,469.196
120.091,-119.421,469.258
119.82,-119.841,469.323
119.546,-120.26,469.323
119.27,-120.676,469.391
118.991,-121.091,469.462
118.709,-121.504,469.536
118.425,-121.916,469.612
118.138,-122.325,469.693
117.849,-122.733,469.693
117.556,-123.139,469.776
117.261,-123.543,469.863
116.964,-123.945,469.953
116.664,-124.345,470.046
116.362,-124.743,470.144
116.057,-125.139,470.245
115.75,-125.533,470.245
115.439,-125.926,470.35
115.127,-126.316,470.458
114.812,-126.704,470.571
114.495,-127.091,470.687
114.175,-127.475,470.808
113.852,-127.857,470.808
113.528,-128.237,470.933
113.2,-128.615,471.062
112.871,-128.991,471.196
112.539,-129.365,471.334
112.205,-129.737,471.477
111.868,-130.107,471.477
111.529,-130.474,471.624
111.188,-130.84,471.776
110.844,-131.203,471.933
110.498,-131.564,472.094
110.151,-131.923,472.094
109.8,-132.28,472.26
109.447,-132.634,472.432
109.092,-132.987,472.608
108.735,-133.337,472.79
108.376,-133.685,472.977
108.015,-134.03,472.977
107.651,-134.373,473.169
107.286,-134.714,473.366
106.918,-135.053,473.569
106.548,-135.39,473.777
106.176,-135.724,473.991
105.802,-136.055,473.991
105.426,-136.385,474.21
105.048,-136.712,474.435
104.668,-137.037,474.665
104.286,-137.36,474.902
103.902,-137.68,474.902
103.515,-137.997,475.144
103.127,-138.312,475.392
102.738,-138.625,475.645
102.346,-138.936,475.905
101.952,-139.244,475.905
101.556,-139.55,476.17
101.159,-139.853,476.442
100.76,-140.154,476.719
100.359,-140.453,477.003
99.956,-140.749,477.003
99.551,-141.042,477.293
99.144,-141.334,477.588
98.736,-141.622,477.89
98.326,-141.909,478.198
97.915,-142.192,478.198
97.501,-142.474,478.512
97.086,-142.752,478.832
96.67,-143.029,479.158
96.251,-143.303,479.158
95.831,-143.574,479.491
95.41,-143.843,479.83
94.987,-144.109,480.174
94.562,-144.373,480.525
94.136,-144.635,480.525
93.708,-144.893,480.882
93.279,-145.15,481.246
92.848,-145.404,481.615
92.416,-145.655,481.615
91.982,-145.904,481.99
91.547,-146.15,482.372
91.11,-146.394,482.76
90.672,-146.635,483.153
90.233,-146.874,483.153
89.792,-147.11,483.553
89.35,-147.344,483.958
88.907,-147.575,484.37
88.462,-147.804,484.37
88.016,-148.029,484.787
87.569,-148.253,485.211
87.12,-148.474,485.64
86.671,-148.693,485.64
86.22,-148.908,486.075
85.767,-149.122,486.515
85.314,-149.333,486.961
84.86,-149.541,486.961
84.404,-149.747,487.413
83.947,-149.95,487.87
83.489,-150.151,488.333
83.03,-150.349,488.333
82.57,-150.544,488.801
82.109,-150.738,489.275
81.647,-150.929,489.754
81.183,-151.117,489.754
80.719,-151.302,490.238
80.254,-151.485,490.727
79.788,-151.666,491.221
79.32,-151.844,491.221
78.852,-152.019,491.72
78.383,-152.193,492.224
77.913,-152.364,492.224
77.442,-152.531,492.732
76.97,-152.697,493.246
76.498,-152.86,493.763
76.024,-153.021,493.763
75.55,-153.179,494.286
75.075,-153.334,494.813
74.599,-153.488,495.344
74.122,-153.638,495.344
73.645,-153.786,495.879
73.166,-153.933,496.418
72.687,-154.076,496.418
72.208,-154.217,496.961
71.727,-154.355,497.509
71.246,-154.492,497.509
70.764,-154.625,498.06
70.282,-154.756,498.614
69.799,-154.885,499.173
69.315,-155.012,499.173
68.83,-155.135,499.734
68.346,-155.257,500.299
67.86,-155.377,500.299
67.374,-155.493,500.867
66.887,-155.608,501.439
66.4,-155.72,501.439
65.912,-155.829,502.013
65.424,-155.937,502.59
64.935,-156.042,503.17
64.445,-156.144,503.17
63.956,-156.245,503.753
63.465,-156.343,504.338
62.975,-156.439,504.338
62.483,-156.532,504.925
61.992,-156.623,505.515
61.5,-156.712,505.515
61.007,-156.798,506.107
60.514,-156.883,506.701
60.021,-156.964,506.701
59.528,-157.044,507.297
59.034,-157.122,507.895
58.539,-157.197,507.895
58.045,-157.269,508.494
57.55,-157.34,509.095
57.054,-157.409,509.095
56.559,-157.475,509.698
56.063,-157.539,510.301
55.567,-157.601,510.301
55.07,-157.66,510.906
54.574,-157.718,511.512
54.077,-157.773,511.512
53.579,-157.826,512.119
53.082,-157.877,512.119
52.584,-157.926,512.727
52.087,-157.973,513.336
51.589,-158.017,513.336
51.09,-158.059,513.945
50.592,-158.1,514.555
50.094,-158.138,514.555
49.595,-158.174,515.165
49.096,-158.208,515.776
48.597,-158.24,515.776
48.098,-158.27,516.386
47.599,-158.298,516.386
47.099,-158.323,516.997
46.6,-158.347,517.608
46.1,-158.369,517.608
45.601,-158.388,518.218
45.101,-158.406,518.829
44.601,-158.421,518.829
44.101,-158.435,519.439
43.602,-158.447,519.439
43.102,-158.456,520.048
42.602,-158.464,520.657
42.102,-158.469,520.657
41.602,-158.473,521.265
41.102,-158.475,521.265
40.602,-158.475,521.873
40.102,-158.473,522.479
39.602,-158.469,522.479
39.102,-158.463,523.085
38.602,-158.455,523.689
38.102,-158.445,523.689
37.602,-158.434,524.293
37.102,-158.42,524.293
36.603,-158.405,524.895
36.103,-158.388,525.496
35.603,-158.369,525.496
35.104,-158.348,526.095
34.604,-158.325,526.095
34.105,-158.301,526.693
33.606,-158.275,526.693
33.106,-158.246,527.289
32.607,-158.217,527.884
32.108,-158.185,527.884
31.609,-158.151,528.477
31.111,-158.116,528.477
30.612,-158.079,529.068
30.113,-158.041,529.657
29.615,-158,529.657
29.117,-157.958,530.244
28.619,-157.914,530.244
28.121,-157.868,530.829
27.623,-157.821,530.829
27.126,-157.772,531.412
26.628,-157.722,531.993
26.131,-157.669,531.993
25.634,-157.615,532.571
25.137,-157.559,532.571
24.64,-157.502,533.147
24.144,-157.443,533.147
23.647,-157.382,533.721
23.151,-157.32,533.721
22.655,-157.256,534.292
22.16,-157.191,534.861
21.664,-157.123,534.861
21.169,-157.055,535.427
20.674,-156.984,535.427
20.179,-156.912,535.991
19.685,-156.839,535.991
19.19,-156.764,536.551
18.696,-156.688,536.551
18.202,-156.609,537.109
17.709,-156.53,537.109
17.215,-156.449,537.664
16.722,-156.367,538.217
16.229,-156.282,538.217
15.737,-156.197,538.766
15.244,-156.109,538.766
14.752,-156.021,539.313
14.26,-155.931,539.313
13.769,-155.839,539.856
13.278,-155.746,539.856
12.787,-155.651,540.397
12.296,-155.556,540.397
11.805,-155.458,540.934
11.315,-155.36,540.934
10.825,-155.259,541.468
10.336,-155.158,541.468
9.847,-155.054,541.999
9.358,-154.95,542.527
8.869,-154.844,542.527
8.381,-154.737,543.052
7.893,-154.628,543.052
7.405,-154.519,543.574
6.917,-154.407,543.574
6.43,-154.294,544.092
5.943,-154.18,544.092
5.457,-154.065,544.607
4.971,-153.948,544.607
4.485,-153.83,545.118
3.999,-153.71,545.118
3.514,-153.59,545.626
3.029,-153.468,545.626
2.545,-153.345,546.131
2.06,-153.22,546.131
1.577,-153.094,546.632
1.093,-152.967,546.632
0.61,-152.839,547.13
0.127,-152.709,547.13
-0.356,-152.578,547.625
-0.838,-152.446,547.625
-1.32,-152.312,548.116
-1.801,-152.177,548.116
-2.282,-152.042,548.603
-2.763,-151.904,548.603
-3.244,-151.766,549.087
-3.724,-151.626,549.087
-4.204,-151.486,549.568
-4.683,-151.344,549.568
-5.162,-151.201,550.045
-5.641,-151.056,550.045
-6.119,-150.911,550.518
-6.597,-150.764,550.518
-7.075,-150.616,550.988
-7.552,-150.467,550.988
-8.029,-150.317,550.988
-8.505,-150.165,551.454
-8.982,-150.013,551.454
-9.457,-149.859,551.917
-9.933,-149.705,551.917
-10.408,-149.548,552.376
-10.883,-149.392,552.376
-11.357,-149.233,552.831
-11.831,-149.074,552.831
-12.305,-148.914,553.283
-12.778,-148.752,553.283
-13.251,-148.59,553.732
-13.723,-148.426,553.732
-14.195,-148.262,574.307,290
-14.667,-148.097,574.287
-15.139,-147.931,573.964
-15.61,-147.764,573.641
-16.082,-147.597,573.318
-16.553,-147.429,572.995
-17.023,-147.261,572.673
-17.494,-147.092,572.35
-17.965,-146.923,572.027
-18.435,-146.753,571.704
-18.905,-146.582,571.381
-19.374,-146.411,571.058
-19.844,-146.239,570.736
-20.313,-146.067,570.413
-20.782,-145.894,570.09
-21.251,-145.72,569.767
-21.72,-145.545,569.444
-22.188,-145.37,569.121
-22.656,-145.195,568.798
-23.124,-145.018,568.476
-23.592,-144.841,568.153
-24.059,-144.663,567.83
-24.526,-144.485,567.507
-24.993,-144.306,567.184
-25.459,-144.126,566.861
-25.926,-143.945,566.539
-26.392,-143.764,566.216
-26.857,-143.582,565.893
-27.323,-143.4,565.57
-27.788,-143.216,565.247
-28.253,-143.032,564.924
-28.717,-142.847,564.602
-29.182,-142.662,564.279
-29.646,-142.475,563.956
-30.109,-142.288,563.633
-30.573,-142.1,563.31
-31.036,-141.911,562.987
-31.498,-141.721,562.665
-31.96,-141.531,562.342
-32.422,-141.34,562.019
-32.884,-141.148,561.696
-33.345,-140.955,561.373
-33.806,-140.761,561.05
-34.267,-140.567,560.727
-34.727,-140.371,560.405
-35.187,-140.175,560.082
-35.646,-139.977,559.759
-36.105,-139.779,559.436
-36.564,-139.58,559.113
-37.022,-139.38,558.79
-37.48,-139.179,558.468
-37.938,-138.977,558.145
-38.395,-138.775,557.822
-38.851,-138.571,557.499
-39.307,-138.366,557.176
-39.763,-138.16,556.853
-40.218,-137.953,554.132
-40.673,-137.746,553.09
-41.127,-137.537,553.09
-41.581,-137.327,552.022
-42.035,-137.116,552.022
-42.487,-136.904,550.927
-42.94,-136.691,549.805
-43.392,-136.477,549.805
-43.843,-136.262,548.654
-44.294,-136.046,548.654
-44.744,-135.828,547.475
-45.194,-135.609,546.266
-45.643,-135.389,546.266
-46.091,-135.168,545.026
-46.539,-134.946,543.756
-46.986,-134.723,543.756
-47.433,-134.498,542.453
-47.879,-134.272,541.118
-48.325,-134.045,541.118
-48.769,-133.816,539.75
-49.213,-133.587,538.348
-49.657,-133.356,538.348
-50.099,-133.123,536.91
-50.542,-132.89,535.437
-50.983,-132.655,535.437
-51.423,-132.418,533.928
-51.863,-132.18,532.381
-52.302,-131.941,532.381
-52.74,-131.7,530.796
-53.178,-131.458,529.171
-53.614,-131.214,529.171
-54.05,-130.968,527.507
-54.485,-130.722,525.802
-54.919,-130.473,524.056
-55.352,-130.223,524.056
-55.784,-129.972,522.267
-56.215,-129.718,520.435
-56.645,-129.464,518.558
-57.074,-129.207,518.558
-57.502,-128.948,516.637
-57.929,-128.688,514.67
-58.355,-128.427,512.656
-58.78,-128.163,512.656
-59.204,-127.898,510.595
-59.626,-127.63,508.485
-60.048,-127.361,506.327
-60.468,-127.091,504.118
-60.887,-126.817,504.118
-61.304,-126.542,501.859
-61.721,-126.265,499.548
-62.136,-125.987,497.186
-62.55,-125.706,494.77
-62.962,-125.423,494.77
-63.372,-125.137,492.302
-63.781,-124.85,489.779
-64.189,-124.56,487.202
-64.595,-124.269,484.569
-65,-123.975,481.881
-65.402,-123.679,481.881
-65.803,-123.38,479.138
-66.202,-123.079,476.338
-66.6,-122.775,473.481
-66.995,-122.469,470.568
-67.389,-122.161,467.597
-67.78,-121.85,464.57
-68.17,-121.537,461.486
-68.557,-121.221,458.346
-68.943,-120.902,455.148
-69.326,-120.581,451.895
-69.707,-120.257,448.587
-70.085,-119.93,448.587
-70.461,-119.6,445.223
-70.834,-119.267,441.806
-71.205,-118.932,438.335
-71.573,-118.594,434.812
-71.939,-118.252,431.237
-72.301,-117.908,427.614
-72.661,-117.561,423.942
-73.017,-117.21,420.224
-73.371,-116.856,412.656
-73.721,-116.5,408.811
-74.068,-116.139,404.928
-74.411,-115.776,401.011
-74.751,-115.41,397.061
-75.088,-115.04,393.083
-75.42,-114.666,389.079
-75.749,-114.29,385.053
-76.074,-113.91,381.009
-76.395,-113.526,376.95
-76.712,-113.139,372.882
-77.024,-112.749,364.733
-77.331,-112.354,360.663
-77.634,-111.957,356.601
-77.933,-111.556,352.554
-78.227,-111.151,348.527
-78.515,-110.743,340.555
-78.798,-110.331,336.622
-79.076,-109.915,332.733
-79.349,-109.496,328.893
-79.616,-109.073,325.109
-79.877,-108.647,317.735
-80.133,-108.217,314.159
-80.382,-107.784,310.664
-80.625,-107.347,303.948
-80.862,-106.906,300.739
-81.092,-106.463,297.638
-81.317,-106.016,291.785
-81.533,-105.565,289.046
-81.744,-105.112,286.439
-81.947,-104.655,281.643
-82.143,-104.195,279.466
-82.332,-103.732,277.441
-82.513,-103.266,273.868
-82.687,-102.797,272.327
-82.854,-102.326,270.955
-83.013,-101.852,268.728
-83.164,-101.375,267.878
-83.307,-100.896,266.712
-83.442,-100.415,266.398
-83.57,-99.931,266.264
-83.69,-99.446,266.537
-83.801,-98.959,266.941
-83.905,-98.469,268.279
-84,-97.979,269.209
-84.088,-97.486,271.577
-84.168,-96.993,273.008
-84.24,-96.498,276.348
-84.303,-96.002,278.248
-84.359,-95.505,280.296
-84.407,-95.007,284.815
-84.448,-94.509,287.276
-84.48,-94.01,292.574
-84.505,-93.511,295.4
-84.523,-93.011,301.378
-84.533,-92.511,304.518
-84.536,-92.011,311.072
-84.532,-91.511,314.474
-84.52,-91.011,321.501
-84.502,-90.512,325.114
-84.477,-90.012,332.511
-84.445,-89.513,336.286
-84.407,-89.015,343.959
-84.363,-88.517,347.848
-84.312,-88.019,351.766
-84.255,-87.523,359.67
-84.193,-87.027,363.647
-84.124,-86.531,371.633
-84.05,-86.037,375.634
-83.97,-85.543,383.635
-83.885,-85.051,387.629
-83.795,-84.559,395.587
-83.7,-84.068,399.546
-83.6,-83.578,403.489
-83.495,-83.089,411.316
-83.386,-82.601,415.197
-83.272,-82.114,422.883
-83.154,-81.628,426.685
-83.032,-81.144,430.458
-82.905,-80.66,437.913
-82.775,-80.177,441.592
-82.641,-79.695,448.85
-82.503,-79.215,452.428
-82.362,-78.735,455.97
-82.217,-78.257,462.947
-82.069,-77.779,466.381
-81.919,-77.302,473.14
-81.764,-76.827,476.464
-81.607,-76.352,479.752
-81.448,-75.878,486.217
-81.285,-75.405,489.395
-81.12,-74.933,492.537
-80.952,-74.462,498.714
-80.782,-73.992,501.75
-80.61,-73.523,504.751
-80.435,-73.054,510.65
-80.258,-72.587,513.55
-80.08,-72.12,516.416
-79.899,-71.653,522.054
-79.717,-71.188,524.826
-79.532,-70.723,527.567
-79.346,-70.259,532.96
-79.159,-69.795,535.614
-78.97,-69.332,538.24
-78.78,-68.87,543.411
-78.588,-68.408,545.957
-78.395,-67.947,548.478
-78.201,-67.486,553.447
-78.006,-67.026,555.897
-77.809,-66.566,558.325
-77.612,-66.107,560.731
-77.414,-65.647,565.48
-77.215,-65.189,567.826
-77.015,-64.73,570.152
-76.815,-64.272,574.751
-76.614,-63.814,577.026
-76.413,-63.357,579.284
-76.211,-62.899,581.527
-76.008,-62.442,585.97
-75.805,-61.985,588.171
-75.602,-61.528,590.36
-75.399,-61.072,594.702
-75.196,-60.615,596.857
-74.992,-60.158,598.08
-74.788,-59.701,596.161
-74.585,-59.245,594.241
-74.381,-58.788,592.321
-74.178,-58.331,590.401
-73.975,-57.874,588.303
-73.772,-57.417,584.123
-73.569,-56.96,582.04
-73.367,-56.503,579.961
-73.165,-56.046,575.812
-72.964,-55.588,573.742
-72.763,-55.13,571.673
-72.563,-54.672,569.605
-72.364,-54.213,565.472
-72.165,-53.754,563.405
-71.967,-53.295,561.337
-71.77,-52.836,559.268
-71.574,-52.376,555.125
-71.379,-51.915,553.05
-71.185,-51.454,550.972
-70.992,-50.993,548.891
-70.8,-50.532,544.717
-70.61,-50.069,542.623
-70.42,-49.607,540.525
-70.232,-49.143,538.422
-70.045,-48.679,534.198
-69.86,-48.215,532.078
-69.677,-47.75,529.951
-69.494,-47.284,527.818
-69.314,-46.818,523.532
-69.135,-46.351,521.378
-68.958,-45.883,519.217
-68.783,-45.415,517.049
-68.61,-44.946,512.691
-68.439,-44.476,510.5
-68.27,-44.006,508.302
-68.103,-43.534,506.097
-67.938,-43.062,501.663
-67.775,-42.59,499.436
-67.615,-42.116,497.201
-67.457,-41.642,494.959
-67.301,-41.166,490.455
-67.148,-40.69,488.193
-66.998,-40.214,485.926
-66.85,-39.736,483.652
-66.705,-39.257,479.09
-66.563,-38.778,476.802
-66.424,-38.298,474.511
-66.287,-37.817,469.918
-66.154,-37.335,467.619
-66.024,-36.852,465.318
-65.897,-36.369,463.016
-65.773,-35.884,458.414
-65.652,-35.399,456.116
-65.535,-34.913,453.82
-65.422,-34.426,451.529
-65.312,-33.938,446.961
-65.205,-33.45,444.688
-65.103,-32.96,442.422
-65.003,-32.47,440.167
-64.908,-31.979,435.69
-64.817,-31.488,433.471
-64.73,-30.995,431.267
-64.647,-30.502,429.08
-64.568,-30.009,424.763
-64.493,-29.514,422.635
-64.423,-29.019,420.531
-64.357,-28.524,416.398
-64.295,-28.027,414.374
-64.238,-27.531,412.379
-64.185,-27.033,410.417
-64.137,-26.536,406.596
-64.094,-26.038,404.742
-64.056,-25.539,402.927
-64.022,-25.04,401.154
-63.993,-24.541,397.74
-63.969,-24.042,396.104
-63.95,-23.542,394.518
-63.936,-23.042,392.983
-63.927,-22.542,390.075
-63.924,-22.042,388.705
-63.925,-21.542,387.395
-63.932,-21.042,386.146
-63.944,-20.542,383.837
-63.961,-20.043,382.781
-63.984,-19.543,381.792
-64.012,-19.044,380.872
-64.045,-18.545,379.245
-64.084,-18.047,378.54
-64.128,-17.549,377.91
-64.177,-17.051,377.355
-64.232,-16.554,376.876
-64.293,-16.058,376.151
-64.359,-15.562,375.906
-64.43,-15.067,375.74
-64.507,-14.573,375.654
-64.589,-14.08,375.647
-64.676,-13.588,375.874
-64.77,-13.097,376.107
-64.868,-12.606,376.42
-64.972,-12.117,376.813
-65.081,-11.629,377.284
-65.196,-11.143,378.461
-65.316,-10.657,379.165
-65.441,-10.173,379.945
-65.571,-9.69,380.8
-65.707,-9.209,381.728
-65.847,-8.729,382.729
-65.993,-8.251,383.8
-66.144,-7.774,386.148
-66.3,-7.299,386.908
-66.461,-6.826,384.988
-66.627,-6.354,395.146
-66.798,-5.884,405.303
-66.973,-5.416,415.46
-67.154,-4.95,425.617
-67.339,-4.485,435.774
-67.528,-4.023,445.931
-67.72,-3.561,456.088,49.00000000000003
-67.911,-3.099,466.245
-68.101,-2.636,476.402
-68.29,-2.174,486.559
-68.479,-1.711,496.717
-68.667,-1.247,506.874
-68.854,-0.784,517.031
-69.041,-0.32,527.188
-69.227,0.144,537.345
-69.411,0.609,547.502
-69.595,1.074,546.44
-69.778,1.539,545.378
-69.96,2.005,544.315
-70.141,2.471,543.253
-70.321,2.938,542.191
-70.501,3.404,541.129
-70.679,3.872,540.067
-70.856,4.339,539.005
-71.032,4.807,537.942
-71.207,5.275,536.88
-71.381,5.744,535.818
-71.553,6.214,534.756
-71.725,6.683,533.694
-71.895,7.153,532.632
-72.064,7.624,531.569
-72.232,8.095,530.507
-72.398,8.566,529.445
-72.563,9.038,528.383
-72.727,9.511,527.321
-72.889,9.984,526.258
-73.049,10.457,525.196
-73.208,10.931,524.134
-73.366,11.406,523.072
-73.522,11.881,522.01
-73.676,12.357,520.948
-73.828,12.833,519.885
-73.979,13.31,518.823
-74.127,13.787,517.761
-74.274,14.265,516.699
-74.419,14.744,515.637
-74.561,15.223,514.574
-74.702,15.703,513.512
-74.84,16.183,512.45
-74.976,16.664,497.633
-75.11,17.146,495.294
-75.241,17.629,490.44
-75.369,18.112,485.342
-75.495,18.596,482.697
-75.618,19.081,477.209
-75.739,19.566,471.442
-75.856,20.052,468.451
-75.97,20.539,462.241
-76.08,21.026,455.718
-76.188,21.515,452.334
-76.292,22.004,445.31
-76.392,22.494,437.933
-76.488,22.984,430.184
-76.58,23.476,422.047
-76.669,23.968,417.828
-76.752,24.461,409.075
-76.831,24.955,399.89
-76.905,25.449,390.253
-76.974,25.944,380.147
-77.038,26.44,369.554
-77.097,26.937,358.455
-77.149,27.434,346.835
-77.195,27.932,334.676
-77.235,28.43,321.964
-77.268,28.929,301.829
-77.294,29.428,287.679
-77.312,29.928,272.936
-77.322,30.428,257.598
-77.324,30.928,233.469
-77.317,31.428,216.643
-77.301,31.928,199.236
-77.275,32.427,172.074
-77.238,32.926,153.301
-77.191,33.423,124.233
-77.132,33.92,141.218
-77.061,34.415,132.19
-76.977,34.908,123.161
-76.88,35.398,114.133
-76.769,35.886,105.104
-76.644,36.37,96.076
-76.503,36.849,87.047
-76.347,37.324,79.523
-76.174,37.794,71.999
-75.986,38.257,64.476
-75.78,38.712,56.952
-75.557,39.16,49.428
-75.317,39.598,41.904
-75.059,40.027,47.923
-74.785,40.445,53.942
-74.494,40.851,59.961
-74.186,41.246,65.98
-73.863,41.627,71.999
-73.524,41.995,78.018
-73.172,42.349,88.552
-72.805,42.689,99.085
-72.426,43.015,109.618
-72.036,43.327,120.152
-71.634,43.625,130.685
-71.222,43.909,141.218
-70.802,44.179,154.686
-70.373,44.436,168.153
-69.936,44.679,181.621
-69.493,44.911,195.088
-69.043,45.13,208.631
-68.589,45.338,222.174
-68.129,45.534,233.46
-67.665,45.72,244.745
-67.197,45.896,256.031
-66.725,46.062,267.317
-66.25,46.219,283.117
-65.773,46.367,298.917
-65.293,46.507,314.717
-64.81,46.638,330.516
-64.326,46.763,342.125
-63.84,46.88,353.733
-63.352,46.99,365.341
-62.863,47.094,376.949
-62.373,47.191,388.557
-61.881,47.283,400.165
-61.389,47.369,411.773
-60.895,47.45,393.55
-60.401,47.526,403.006
-59.906,47.597,412.039
-59.411,47.663,420.665
-58.914,47.725,428.903
-58.418,47.783,440.565
-57.921,47.837,447.9
-57.423,47.887,454.901
-56.925,47.933,458.281
-56.427,47.976,464.809
-55.929,48.016,471.04
-55.43,48.052,476.988
-54.931,48.086,482.665
-54.432,48.116,488.085
-53.933,48.144,493.259
-53.434,48.169,498.199
-52.934,48.192,500.585
-52.435,48.211,505.196
-51.935,48.229,509.599
-51.435,48.245,513.806
-50.935,48.258,515.839
-50.435,48.269,519.768
-49.935,48.278,523.523
-49.436,48.286,525.339
-48.936,48.291,528.849
-48.436,48.295,532.205
-47.936,48.297,533.828
-47.436,48.297,536.967
-46.936,48.296,539.971
-46.436,48.293,541.424
-45.936,48.289,544.236
-45.436,48.283,545.596
-44.936,48.276,548.23
-44.436,48.268,549.505
-43.936,48.259,551.973
-43.436,48.248,554.337
-42.936,48.236,555.482
-42.436,48.223,557.7
-41.936,48.209,558.774
-41.437,48.194,559.825
-40.937,48.178,561.863
-40.437,48.162,562.85
-39.938,48.144,564.763
-39.438,48.125,565.691
-38.938,48.105,567.489
-38.439,48.085,568.36
-37.939,48.064,570.05
-37.44,48.042,570.87
-36.94,48.019,571.673
-36.441,47.996,573.23
-35.941,47.972,573.986
-35.442,47.947,574.726
-34.942,47.922,576.163
-34.443,47.896,576.861
-33.944,47.87,578.214
-33.445,47.842,578.871
-32.945,47.815,579.515
-32.446,47.787,580.146
-31.947,47.758,581.372
-31.448,47.729,581.967
-30.949,47.7,582.551
-30.45,47.67,583.685
-29.95,47.64,584.236
-29.451,47.609,584.776
-28.952,47.578,585.826
-28.453,47.546,586.335
-27.954,47.515,586.836
-27.455,47.483,587.327
-26.956,47.45,588.281
-26.458,47.417,588.744
-25.959,47.384,589.199
-25.46,47.351,589.646
-24.961,47.318,590.084
-24.462,47.284,590.936
-23.963,47.25,591.351
-23.464,47.216,591.757
-22.966,47.181,592.157
-22.467,47.147,592.549
-21.968,47.112,593.311
-21.469,47.077,593.682
-20.97,47.042,594.046
-20.472,47.006,594.403
-19.973,46.971,594.754
-19.474,46.935,595.099
-18.975,46.9,595.77
-18.477,46.864,596.097
-17.978,46.828,596.417
-17.479,46.792,596.732
-16.981,46.756,597.041
-16.482,46.72,597.345
-15.983,46.684,597.644
-15.485,46.647,598.225
-14.986,46.611,598.508
-14.487,46.575,598.786
-13.989,46.538,599.059
-13.49,46.502,599.327
-12.991,46.465,599.59
-12.493,46.429,599.849
-11.994,46.392,599.896
-11.495,46.356,599.646
-10.997,46.32,599.401
-10.498,46.283,598.922
-10.054,46.251,598.922,90
-10.054,46.251,0,90
#PATH.JERRYIO-DATA {"appVersion":"0.10.0","format":"path.jerryio v0.1","gc":{"robotWidth":12.5,"robotHeight":15,"robotIsHolonomic":false,"showRobot":false,"uol":1,"pointDensity":0.5,"controlMagnetDistance":5,"fieldImage":{"displayName":"V5RC 2026 - Push Back","signature":"V5RC-PushBack-H2H-TopDownHighlighted-TileColor66_71","origin":{"__type":"built-in"}},"coordinateSystem":"VEX Gaming Positioning System"},"paths":[{"segments":[{"controls":[{"uid":"JPcMMkAZmJ","x":-159.866485013624,"y":-0.502724795640327,"lock":false,"visible":true,"heading":90,"__type":"end-point"},{"uid":"HZMkFOgwT3","x":-50.45378564405114,"y":30.296460176991154,"lock":false,"visible":true,"__type":"control"},{"uid":"kaC8XVGIWn","x":-132.33751028161583,"y":60.34515551697439,"lock":false,"visible":true,"__type":"control"},{"uid":"H4DH8G64sJ","x":-78.17010816125861,"y":113.94936086529007,"lock":false,"visible":true,"heading":70,"__type":"end-point"}],"speedProfiles":[{"uid":"V0m54oXgcd","xPos":0,"yPos":0,"followBentRate":true},{"uid":"TFaJ5tOIAB","xPos":0.18867924528301888,"yPos":1,"followBentRate":true}],"lookaheadKeyframes":[],"uid":"lE7H7uQwkp"},{"controls":[{"uid":"H4DH8G64sJ","x":-78.17010816125861,"y":113.94936086529007,"lock":false,"visible":true,"heading":70,"__type":"end-point"},{"uid":"UhMuhW9ymy","x":3.4670599803343145,"y":192.0589970501475,"lock":false,"visible":true,"__type":"control"},{"uid":"hBu7w6rH7q","x":24.632251720747295,"y":38.863323500491646,"lock":false,"visible":true,"__type":"control"},{"uid":"lQ0zJglX15","x":94.92218647066323,"y":-9.681756703217578,"lock":false,"visible":true,"heading":130,"__type":"end-point"}],"speedProfiles":[],"lookaheadKeyframes":[],"uid":"ZnTLsOO5k7"},{"controls":[{"uid":"lQ0zJglX15","x":94.92218647066323,"y":-9.681756703217578,"lock":false,"visible":true,"heading":130,"__type":"end-point"},{"uid":"KfPhB9Fo2a","x":174.80432645034415,"y":-65.95476892822026,"lock":false,"visible":true,"__type":"control"},{"uid":"VLNxX10sJD","x":121.15667574931881,"y":-195.5599455040872,"lock":false,"visible":true,"__type":"control"},{"uid":"2U21aBZyqM","x":-14.076294277929156,"y":-148.30381471389646,"lock":false,"visible":true,"heading":290,"__type":"end-point"}],"speedProfiles":[],"lookaheadKeyframes":[],"uid":"JWpkvoxPBP"},{"controls":[{"uid":"2U21aBZyqM","x":-14.076294277929156,"y":-148.30381471389646,"lock":false,"visible":true,"heading":290,"__type":"end-point"},{"uid":"Nj7SnzUKCF","x":-149.30926430517712,"y":-101.0476839237057,"lock":false,"visible":true,"__type":"control"},{"uid":"AXOxHt8NWa","x":-43.90134636961052,"y":-60.8275097504942,"lock":false,"visible":true,"__type":"control"},{"uid":"NgYPDjVWqv","x":-67.52941176470588,"y":-4.019607843137255,"lock":false,"visible":true,"heading":49.00000000000003,"__type":"end-point"}],"speedProfiles":[{"uid":"bT27sZxXQ5","xPos":0,"yPos":0.9571445768628868,"followBentRate":false},{"uid":"qB8GHGpmHK","xPos":0.14814814814814814,"yPos":0.9275509388966008,"followBentRate":true},{"uid":"k7crZmGcd0","xPos":0.6825396825396826,"yPos":1,"followBentRate":false},{"uid":"jWaS7aliO2","xPos":0.6825396825396826,"yPos":1,"followBentRate":true},{"uid":"pCNcR2k74V","xPos":0.9788359788359788,"yPos":0.6416474839790614,"followBentRate":false}],"lookaheadKeyframes":[],"uid":"yQNZcyVopI"},{"controls":[{"uid":"NgYPDjVWqv","x":-67.52941176470588,"y":-4.019607843137255,"lock":false,"visible":true,"heading":49.00000000000003,"__type":"end-point"},{"uid":"2diBr5T3oz","x":-91.15747715980125,"y":52.78829406421969,"lock":false,"visible":true,"__type":"control"},{"uid":"jODJYL9vbv","x":-72.05393492546882,"y":50.77739488165839,"lock":false,"visible":true,"__type":"control"},{"uid":"gR1rTijB8f","x":-10.05449591280654,"y":46.25068119891009,"lock":false,"visible":true,"heading":90,"__type":"end-point"}],"speedProfiles":[{"uid":"m4FGOn3ecj","xPos":0.035398230088495575,"yPos":0.9125033886377829,"followBentRate":false},{"uid":"6hOoiSX9px","xPos":0.18584070796460178,"yPos":0.8523131876025114,"followBentRate":true},{"uid":"BkOhuH2fvY","xPos":0.27876106194690264,"yPos":0.8518117250511617,"followBentRate":true},{"uid":"QvRmnhR9W2","xPos":0.3407079646017699,"yPos":0.235363626990979,"followBentRate":false},{"uid":"yTZP9SQrga","xPos":0.3672566371681416,"yPos":0.14507832543807186,"followBentRate":false},{"uid":"vrE8kgoFpA","xPos":0.3938053097345133,"yPos":0.06984057414398259,"followBentRate":false},{"uid":"1nxm0lsnRX","xPos":0.42035398230088494,"yPos":0.130030775179254,"followBentRate":false},{"uid":"cWbZQw4szA","xPos":0.4469026548672566,"yPos":0.235363626990979,"followBentRate":false},{"uid":"D01qiqS1Ip","xPos":0.4646017699115044,"yPos":0.3251474659925364,"followBentRate":false},{"uid":"e2juZIXC1I","xPos":0.47345132743362833,"yPos":0.37029011676899004,"followBentRate":false},{"uid":"h72xYeU43a","xPos":0.4911504424778761,"yPos":0.4455278680630794,"followBentRate":false},{"uid":"IMjydxBjNJ","xPos":0.5088495575221239,"yPos":0.5508607198748043,"followBentRate":false},{"uid":"OlWIM6YfZb","xPos":0.5442477876106194,"yPos":0.6862886722041652,"followBentRate":false},{"uid":"9ENROTwafe","xPos":0.5486725663716814,"yPos":1,"followBentRate":true}],"lookaheadKeyframes":[],"uid":"Ng1Dfnro2S"}],"pc":{"speedLimit":{"minLimit":{"value":0,"label":"0"},"maxLimit":{"value":600,"label":"600"},"step":1,"from":0,"to":600},"bentRateApplicableRange":{"minLimit":{"value":0,"label":"0"},"maxLimit":{"value":1,"label":"1"},"step":0.001,"from":0,"to":0.059}},"name":"Path","uid":"ALJeIj7g7r","lock":false,"visible":true}]}