#PATH-POINTS-START Start to Low
-126.273,36.033,6,45
-125.644,36.81,17.942
-125.006,37.581,29.885
-124.361,38.345,41.827
-123.709,39.103,53.769
-123.048,39.853,65.712
-122.379,40.596,77.654
-121.701,41.332,89.597
-121.014,42.058,101.539
-120.318,42.776,113.481
-119.613,43.485,125.424
-118.898,44.184,137.366
-118.172,44.872,149.308
-117.436,45.55,161.251
-116.69,46.215,173.193
-115.933,46.868,185.136
-115.164,47.508,197.078
-114.385,48.134,209.02
-113.593,48.745,220.963
-112.79,49.341,232.905
-111.975,49.92,244.847
-111.148,50.482,256.79
-110.309,51.026,268.732
-109.457,51.551,280.675
-108.594,52.056,292.617
-107.719,52.54,296.285
-106.833,53.003,299.953
-105.935,53.443,303.622
-105.026,53.86,307.29
-104.107,54.254,310.958
-103.178,54.624,314.626
-102.24,54.97,318.294
-101.293,55.291,321.963
-100.338,55.588,325.631
-99.376,55.86,329.299
-98.407,56.108,332.967
-97.433,56.333,336.636
-96.453,56.535,340.304
-95.47,56.715,343.972
-94.482,56.874,347.64
-93.492,57.014,351.308
-92.499,57.134,354.977
-91.505,57.238,358.645
-90.509,57.325,362.313
-89.511,57.398,365.981
-88.513,57.459,369.65
-87.514,57.508,373.318
-86.515,57.547,376.986
-85.516,57.578,380.654
-84.516,57.602,384.322
-83.516,57.621,387.991
-82.516,57.636,391.659
-81.516,57.649,395.327
-80.516,57.661,398.995
-79.517,57.674,402.664
-78.517,57.689,402.143
-77.517,57.706,399.769
-76.517,57.729,396.721
-75.517,57.757,393.816
-74.518,57.792,391.737
-73.519,57.834,387.641
-72.52,57.886,382.052
-71.522,57.947,376.462
-70.525,58.012,370.872,90
-69.525,58.003,365.283
-68.525,57.981,359.693
-67.525,57.946,354.103
-66.527,57.896,348.514
-65.529,57.832,342.924
-64.532,57.751,337.334
-63.537,57.654,331.745
-62.543,57.539,326.155
-61.552,57.406,320.565
-60.564,57.254,314.976
-59.579,57.081,309.386
-58.598,56.886,303.796
-57.622,56.669,298.207
-56.652,56.427,292.617
-55.688,56.161,284.655
-54.732,55.868,276.694
-53.784,55.548,268.732
-52.847,55.199,260.771
-51.921,54.822,252.809
-51.009,54.414,244.847
-50.11,53.975,236.886
-49.228,53.504,228.924
-48.363,53.002,220.963
-47.517,52.469,213.001
-46.692,51.904,205.04
-45.889,51.308,197.078
-45.109,50.683,189.116
-44.353,50.029,181.155
-43.62,49.347,173.193
-42.913,48.641,165.232
-42.23,47.911,157.27
-41.57,47.159,149.308
-40.934,46.388,141.347
-40.319,45.599,133.385
-39.726,44.794,125.424
-39.151,43.976,117.462
-38.593,43.146,109.501
-38.051,42.305,101.539
-37.522,41.457,93.577
-37.005,40.601,85.616
-36.496,39.74,77.654
-35.995,38.875,69.693
-35.498,38.007,61.731
-35.004,37.137,53.769
-34.511,36.268,45.808
-34.015,35.399,37.846
-33.516,34.533,29.885
-33.011,33.67,21.923
-32.498,32.811,13.962
-32,32,6,135
-32,32,0,135
#PATH-POINTS-START Low to Mid
-32,32,7,135
-32.483,32.876,30.883
-32.966,33.751,54.767
-33.448,34.627,78.65
-33.931,35.503,102.533
-34.414,36.379,126.416
-34.897,37.254,102.533
-35.379,38.13,78.65
-35.862,39.006,54.767
-36.345,39.882,30.883
-36.828,40.757,7,190
-37.024,39.784,19.548
-37.218,38.803,32.095
-37.413,37.822,44.643
-37.607,36.842,57.19
-37.801,35.861,69.738
-37.996,34.88,82.285
-38.19,33.899,94.833
-38.385,32.918,107.38
-38.579,31.937,119.928
-38.774,30.956,132.475
-38.968,29.975,145.023
-39.163,28.994,157.571
-39.357,28.013,170.118
-39.552,27.033,182.666
-39.746,26.052,195.213
-39.941,25.071,207.761
-40.135,24.09,220.308
-40.33,23.109,232.856
-40.524,22.128,245.403
-40.719,21.147,257.951
-40.913,20.166,270.498
-41.108,19.185,283.046
-41.302,18.204,305.686
-41.497,17.223,328.325
-41.691,16.243,350.965
-41.886,15.262,373.604
-42.08,14.281,396.244
-42.275,13.3,418.883
-42.469,12.319,441.523
-42.663,11.338,464.163
-42.858,10.357,486.802
-43.052,9.376,509.442
-43.247,8.395,532.081
-43.441,7.414,554.721
-43.636,6.433,577.36
-43.83,5.453,600
-44.025,4.472,588.934
-44.219,3.491,577.867
-44.414,2.51,566.801
-44.608,1.529,555.734
-44.803,0.548,544.668
-44.997,-0.433,533.601
-45.192,-1.414,522.535
-45.386,-2.395,511.469
-45.581,-3.376,500.402
-45.775,-4.356,489.336
-45.97,-5.337,478.269
-46.164,-6.318,467.203
-46.359,-7.299,456.137
-46.553,-8.28,445.07
-46.748,-9.261,434.004
-46.942,-10.242,422.937
-47.136,-11.223,411.871
-47.331,-12.204,400.804
-47.525,-13.185,389.738
-47.72,-14.166,378.672
-47.914,-15.146,367.605
-48.109,-16.127,356.539
-48.303,-17.108,345.472
-48.498,-18.089,334.406
-48.692,-19.07,323.34
-48.887,-20.051,312.273
-49.081,-21.032,301.207
-49.276,-22.013,290.14
-49.47,-22.994,279.074
-49.665,-23.975,268.007
-49.859,-24.956,256.941
-50.054,-25.936,248.878
-50.248,-26.917,240.816
-50.443,-27.898,232.753
-50.637,-28.879,224.691
-50.832,-29.86,216.628
-51.026,-30.841,208.565
-51.221,-31.822,200.503
-51.415,-32.803,192.44
-51.61,-33.784,184.377
-51.804,-34.765,176.315
-51.998,-35.746,168.252
-52.193,-36.726,160.19
-52.387,-37.707,152.127
-52.582,-38.688,144.064
-52.776,-39.669,136.002
-52.971,-40.65,127.939
-53.165,-41.631,119.877
-53.36,-42.612,111.814
-53.554,-43.593,103.751
-53.749,-44.574,95.689
-53.943,-45.555,87.626
-54.138,-46.535,79.564
-54.332,-47.516,71.501
-54.527,-48.497,63.438
-54.721,-49.478,55.376
-54.916,-50.459,47.313
-55.11,-51.44,39.25
-55.305,-52.421,31.188
-55.499,-53.402,23.125
-55.694,-54.383,15.063
-55.885,-55.357,7,45
-55.17,-54.658,32.452
-54.455,-53.959,57.903
-53.74,-53.26,83.355
-53.025,-52.561,108.806
-52.31,-51.861,134.258
-51.595,-51.162,159.709
-50.88,-50.463,185.161
-50.165,-49.764,210.612
-49.45,-49.065,236.064
-48.735,-48.366,261.515
-48.02,-47.666,286.967
-47.305,-46.967,312.418
-46.59,-46.268,337.87
-45.875,-45.569,363.321
-45.16,-44.87,388.773
-44.445,-44.171,414.224
-43.73,-43.471,439.676
-43.015,-42.772,414.224
-42.3,-42.073,388.773
-41.586,-41.374,363.321
-40.871,-40.675,337.87
-40.156,-39.976,312.418
-39.441,-39.276,286.967
-38.726,-38.577,261.515
-38.011,-37.878,236.064
-37.296,-37.179,210.612
-36.581,-36.48,185.161
-35.866,-35.78,159.709
-35.151,-35.081,134.258
-34.436,-34.382,108.806
-33.721,-33.683,83.355
-33.006,-32.984,57.903
-32.291,-32.285,32.452
-32,-32,7,45
-32,-32,0,45
#PATH-POINTS-START Get balls under Long Goal
-32,-32,7,45
-32.706,-32.708,23.442
-33.412,-33.417,39.884
-34.118,-34.125,56.326
-34.823,-34.833,72.768
-35.529,-35.542,89.21
-36.235,-36.25,105.652
-36.941,-36.959,122.094
-37.647,-37.667,138.535
-38.353,-38.375,154.977
-39.058,-39.084,171.419
-39.764,-39.792,187.861
-40.47,-40.5,204.303
-41.176,-41.209,220.745
-41.882,-41.917,237.187
-42.588,-42.626,253.629
-43.293,-43.334,270.071
-43.999,-44.042,286.513
-44.705,-44.751,270.071
-45.411,-45.459,253.629
-46.117,-46.167,237.187
-46.823,-46.876,220.745
-47.528,-47.584,204.303
-48.234,-48.293,187.861
-48.94,-49.001,171.419
-49.646,-49.709,154.977
-50.352,-50.418,138.535
-51.058,-51.126,122.094
-51.763,-51.834,105.652
-52.469,-52.543,89.21
-53.175,-53.251,72.768
-53.881,-53.96,56.326
-54.587,-54.668,39.884
-55.293,-55.376,23.442
-55.646,-56.118,7,330
-55.086,-56.947,46.5
-54.526,-57.776,86
-53.967,-58.604,125.5
-53.407,-59.433,165
-52.847,-60.262,204.5
-52.288,-61.09,244
-51.728,-61.919,283.5
-51.168,-62.748,323
-50.608,-63.576,362.5
-50.049,-64.405,402
-49.489,-65.234,399.517
-48.929,-66.062,397.033
-48.369,-66.891,394.55
-47.81,-67.72,392.066
-47.25,-68.548,389.583
-46.69,-69.377,387.099
-46.131,-70.206,384.616
-45.571,-71.034,382.132
-45.011,-71.863,379.649
-44.451,-72.692,377.166
-43.892,-73.52,374.682
-43.332,-74.349,372.199
-42.772,-75.178,369.715
-42.212,-76.006,367.232
-41.653,-76.835,364.748
-41.093,-77.664,362.265
-40.533,-78.492,359.781
-39.974,-79.321,357.298
-39.414,-80.15,354.814
-38.854,-80.979,352.331
-38.294,-81.807,349.848
-37.735,-82.636,347.364
-37.175,-83.465,344.881
-36.639,-84.308,342.397,146.8
-36.141,-85.175,339.914
-35.643,-86.042,337.43
-35.145,-86.909,334.947
-34.646,-87.776,332.463
-34.148,-88.644,329.98
-33.65,-89.511,327.497
-33.152,-90.378,325.013
-32.654,-91.245,322.53
-32.156,-92.112,320.046
-31.658,-92.979,317.563
-31.16,-93.846,315.079
-30.662,-94.714,312.596
-30.164,-95.581,301.831
-29.666,-96.448,291.067
-29.168,-97.315,280.303
-28.67,-98.182,269.538
-28.171,-99.049,258.774
-27.673,-99.916,248.01
-27.175,-100.783,237.245
-26.677,-101.651,226.481
-26.179,-102.518,215.716
-25.681,-103.385,204.952
-25.183,-104.252,194.188
-24.685,-105.119,183.423
-24.187,-105.986,172.659
-23.689,-106.853,161.894
-23.191,-107.72,151.13
-22.693,-108.588,140.366
-22.194,-109.455,129.601
-21.696,-110.322,118.837
-21.198,-111.189,108.072
-20.7,-112.056,97.308
-20.176,-112.97,86.544,140
-20.176,-112.97,0,140
#PATH-POINTS-START Go to Matchloader
-20.176,-112.97,87.51,140
-21.078,-112.538,136.917
-21.98,-112.106,186.324
-22.882,-111.675,235.731
-23.784,-111.243,285.138
-24.686,-110.812,334.546
-25.588,-110.38,383.953
-26.49,-109.948,366.773
-27.392,-109.517,349.593
-28.294,-109.085,332.414
-29.196,-108.654,315.234
-30.098,-108.222,298.054
-31,-107.791,280.875
-31.903,-107.359,263.695
-32.805,-106.927,246.515
-33.707,-106.496,229.336
-34.609,-106.064,212.156
-35.511,-105.633,194.976
-36.413,-105.201,177.797
-37.315,-104.769,160.617
-38.217,-104.338,143.437
-39.119,-103.906,126.258
-40.021,-103.475,109.078
-40.923,-103.043,91.898
-41.825,-102.612,74.719
-42.727,-102.18,57.539
-43.629,-101.748,40.359
-44.532,-101.317,23.18
-45.49,-101.074,6,275
-46.482,-100.947,15.241
-47.475,-100.829,24.481
-48.469,-100.722,33.722
-49.465,-100.625,42.963
-50.461,-100.539,52.204
-51.458,-100.464,61.444
-52.456,-100.4,70.685
-53.455,-100.348,79.926
-54.454,-100.307,89.167
-55.453,-100.277,98.407
-56.453,-100.26,107.648
-57.453,-100.255,116.889
-58.453,-100.262,126.129
-59.453,-100.281,135.37
-60.452,-100.313,144.611
-61.451,-100.357,153.852
-62.45,-100.414,163.092
-63.447,-100.484,172.333
-64.444,-100.566,181.574
-65.439,-100.661,190.815
-66.433,-100.77,200.055
-67.426,-100.891,209.296
-68.417,-101.025,218.537
-69.406,-101.172,227.778
-70.393,-101.332,237.018
-71.378,-101.504,246.259
-72.361,-101.689,251.861
-73.341,-101.887,255.306
-74.319,-102.096,259.353
-75.294,-102.318,263.995
-76.267,-102.551,269.223
-77.236,-102.796,275.024
-78.203,-103.052,281.385
-79.167,-103.319,288.287
-80.127,-103.597,295.713
-81.085,-103.885,303.644
-82.04,-104.183,312.056
-82.991,-104.49,320.929
-83.94,-104.806,330.239
-84.885,-105.132,339.962
-85.828,-105.465,350.075
-86.768,-105.806,360.554
-87.706,-106.154,371.375
-88.64,-106.509,382.514
-89.573,-106.871,393.948
-90.503,-107.238,405.654
-91.431,-107.61,417.61
-92.357,-107.987,429.794
-93.282,-108.368,442.184
-94.205,-108.753,454.76
-95.127,-109.14,467.5
-96.048,-109.53,486.518
-96.968,-109.922,495.759
-97.887,-110.315,504.999
-98.806,-110.709,514.24
-99.726,-111.103,504.073
-100.645,-111.496,493.906
-101.565,-111.888,481.707
-102.485,-112.279,468.373
-103.407,-112.667,455.066
-104.33,-113.052,435.208
-105.254,-113.434,422.073
-106.18,-113.811,409.048
-107.108,-114.184,396.162
-108.038,-114.552,383.44
-108.971,-114.913,370.912
-109.905,-115.268,358.607
-110.843,-115.616,346.557
-111.783,-115.956,334.793
-112.726,-116.288,323.348
-113.673,-116.612,306.854
-114.622,-116.925,296.356
-115.575,-117.229,286.296
-116.531,-117.523,276.71
-117.49,-117.806,267.632
-118.452,-118.078,259.093
-119.418,-118.338,251.126
-120.387,-118.585,243.76
-121.359,-118.821,237.023
-122.334,-119.043,230.94
-123.312,-119.252,225.533
-124.292,-119.448,220.82
-125.275,-119.63,216.815
-126.261,-119.798,213.53
-127.249,-119.952,209.225
-128.239,-120.092,199.057
-129.232,-120.217,188.89
-130.225,-120.328,178.723
-131.221,-120.424,168.563
-132.217,-120.505,158.403
-133.215,-120.572,148.242
-134.214,-120.624,138.082
-135.213,-120.662,127.922
-136.213,-120.686,117.762
-137.213,-120.695,107.602
-138.213,-120.69,97.442
-139.213,-120.671,87.281
-140.212,-120.639,77.121
-141.211,-120.592,66.961
-142.209,-120.532,56.801
-143.206,-120.46,46.641
-144.203,-120.374,36.481
-145.198,-120.275,26.32
-146.192,-120.165,16.16
-147.5,-120,6,270
-147.5,-120,0,270
#PATH-POINTS-START Long Goal
-147.5,-120,6,270
-146.5,-120,18.161
-145.5,-120,30.323
-144.5,-120,42.484
-143.5,-120,54.645
-142.5,-120,66.806
-141.5,-120,78.968
-140.5,-120,91.129
-139.5,-120,76.941
-138.5,-120,62.753
-137.5,-120,48.564
-136.5,-120,34.376
-135.5,-120,20.188
-134.5,-120,6,90
-133.5,-120,26.044
-132.5,-120,46.087
-131.5,-120,66.131
-130.5,-120,86.174
-129.5,-120,106.218
-128.5,-120,126.261
-127.5,-120,146.305
-126.5,-120,166.349
-125.5,-120,186.392
-124.5,-120,210.433
-123.5,-120,234.473
-122.5,-120,258.514
-121.5,-120,282.554
-120.5,-120,306.595
-119.5,-120,330.635
-118.5,-120,354.676
-117.5,-120,378.716
-116.5,-120,402.757
-115.5,-120,426.797
-114.5,-120,450.838
-113.5,-120,474.878
-112.5,-120,498.919
-111.5,-120,522.959
-110.5,-120,547
-109.5,-120,530.918
-108.5,-120,514.836
-107.5,-120,498.753
-106.5,-120,482.671
-105.5,-120,466.589
-104.5,-120,450.507
-103.5,-120,434.425
-102.5,-120,418.343
-101.5,-120,402.26
-100.5,-120,386.178
-99.5,-120,370.096
-98.5,-120,354.266
-97.5,-120,338.436
-96.5,-120,322.605
-95.5,-120,306.775
-94.5,-120,290.945
-93.5,-120,275.115
-92.5,-120,259.284
-91.5,-120,243.454
-90.5,-120,227.624
-89.5,-120,211.793
-88.5,-120,195.963
-87.5,-120,180.133
-86.5,-120,164.303
-85.5,-120,148.472
-84.5,-120,132.642
-83.5,-120,116.812
-82.5,-120,100.982
-81.5,-120,85.151
-80.5,-120,69.321
-79.5,-120,53.491
-78.5,-120,37.661
-77.5,-120,21.83
-77,-120,6,90
-77,-120,0,90
#PATH.JERRYIO-DATA {"appVersion":"0.10.0","format":"path.jerryio v0.1","gc":{"robotWidth":31.75,"robotHeight":35.56,"robotIsHolonomic":false,"showRobot":false,"uol":1,"pointDensity":1,"controlMagnetDistance":5,"fieldImage":{"displayName":"V5RC 2026 - Push Back","signature":"V5RC-PushBack-H2H-TopDownHighlighted-TileColor66_71","origin":{"__type":"built-in"}},"coordinateSystem":"VEX Gaming Positioning System"},"paths":[{"segments":[{"controls":[{"uid":"uH36R7brhT","x":-126.27332715237777,"y":36.03323605214246,"lock":false,"visible":true,"heading":45,"__type":"end-point"},{"uid":"kqfdtkSWLJ","x":-105.38249754178959,"y":62.04424778761062,"lock":false,"visible":false,"__type":"control"},{"uid":"QwHzk5TWVg","x":-90.26450344149464,"y":56.50098328416912,"lock":false,"visible":false,"__type":"control"},{"uid":"cogBU54VSG","x":-70.61111111111111,"y":58.01278269419863,"lock":false,"visible":true,"heading":90,"__type":"end-point"}],"speedProfiles":[{"uid":"G8oJLkf0Y8","xPos":0,"yPos":0,"followBentRate":false},{"uid":"AfUFL2MQ0b","xPos":0.375,"yPos":0.7094479204449281,"followBentRate":true},{"uid":"5UCcagVMLs","xPos":0.875,"yPos":1,"followBentRate":true}],"lookaheadKeyframes":[],"uid":"8ULqMQILLk"},{"controls":[{"uid":"cogBU54VSG","x":-70.61111111111111,"y":58.01278269419863,"lock":false,"visible":true,"heading":90,"__type":"end-point"},{"uid":"K8BhFTmrL5","x":-43.11869377697675,"y":57.96227111595481,"lock":false,"visible":false,"__type":"control"},{"uid":"OsGkfAbsrz","x":-39.57350809310221,"y":44.17543790088717,"lock":false,"visible":false,"__type":"control"},{"uid":"wcb7McKbic","x":-32,"y":32,"lock":false,"visible":true,"heading":135,"__type":"end-point"}],"speedProfiles":[{"uid":"wiDlEfZTa4","xPos":0.2631578947368421,"yPos":0.7094479204449281,"followBentRate":true},{"uid":"ruSg5KSUEx","xPos":0.98,"yPos":0,"followBentRate":false}],"lookaheadKeyframes":[],"uid":"cWquuiC80p"}],"pc":{"speedLimit":{"minLimit":{"value":0,"label":"0"},"maxLimit":{"value":600,"label":"600"},"step":1,"from":6,"to":410},"bentRateApplicableRange":{"minLimit":{"value":0,"label":"0"},"maxLimit":{"value":1,"label":"1"},"step":0.001,"from":0,"to":0.177}},"name":"Start to Low","uid":"ggDADzP9kz","lock":true,"visible":false},{"segments":[{"controls":[{"uid":"splOBU68VE","x":-32,"y":32,"lock":false,"visible":true,"heading":135,"__type":"end-point"},{"uid":"4sxdma4PIj","x":-36.82988717059368,"y":40.76107237518458,"lock":false,"visible":true,"heading":190,"__type":"end-point"}],"speedProfiles":[{"uid":"C4H0VyoazQ","xPos":0,"yPos":0,"followBentRate":true},{"uid":"gGTLW3fo2M","xPos":0.5,"yPos":0.20137649700032467,"followBentRate":true},{"uid":"3MrNpZtEXZ","xPos":0.95,"yPos":0,"followBentRate":false}],"lookaheadKeyframes":[],"uid":"CfdUwb8TvL"},{"controls":[{"uid":"4sxdma4PIj","x":-36.82988717059368,"y":40.76107237518458,"lock":false,"visible":true,"heading":190,"__type":"end-point"},{"uid":"jUauzReWtg","x":-55.8873390689473,"y":-55.35990694998843,"lock":false,"visible":true,"heading":45,"__type":"end-point"}],"speedProfiles":[{"uid":"WnbhZyWlTN","xPos":0.21428571428571427,"yPos":0.46550750598077895,"followBentRate":true},{"uid":"TgfrVhu3iv","xPos":0.358695652173913,"yPos":1,"followBentRate":false},{"uid":"PKn7fWuQrv","xPos":0.673469387755102,"yPos":0.42148567115070323,"followBentRate":true},{"uid":"H8oOcjJO8O","xPos":0.9903846153846154,"yPos":0,"followBentRate":false}],"lookaheadKeyframes":[],"uid":"iZbVpXBHWc"},{"controls":[{"uid":"jUauzReWtg","x":-55.8873390689473,"y":-55.35990694998843,"lock":false,"visible":true,"heading":45,"__type":"end-point"},{"uid":"SMwl1Yg9Fr","x":-32,"y":-32,"lock":false,"visible":true,"heading":45,"__type":"end-point"}],"speedProfiles":[{"uid":"WXG7fF2zhH","xPos":0.47058823529411764,"yPos":0.7296385149612332,"followBentRate":false},{"uid":"1vvoxvSGpq","xPos":0.9722222222222222,"yPos":0,"followBentRate":false}],"lookaheadKeyframes":[],"uid":"idAUZELY0o"}],"pc":{"speedLimit":{"minLimit":{"value":0,"label":"0"},"maxLimit":{"value":600,"label":"600"},"step":1,"from":7,"to":600},"bentRateApplicableRange":{"minLimit":{"value":0,"label":"0"},"maxLimit":{"value":1,"label":"1"},"step":0.001,"from":0,"to":1}},"name":"Low to Mid","uid":"JWvxm33y45","lock":true,"visible":true},{"segments":[{"controls":[{"uid":"6wqDj1sRsn","x":-32,"y":-32,"lock":false,"visible":true,"heading":45,"__type":"end-point"},{"uid":"sptQdtPlsa","x":-55.80184540731072,"y":-55.887339068947284,"lock":false,"visible":true,"heading":330,"__type":"end-point"}],"speedProfiles":[{"uid":"ZMHBjX9a7u","xPos":0,"yPos":0,"followBentRate":false},{"uid":"UUK9k4ya3g","xPos":0.4857142857142857,"yPos":0.7076275975461954,"followBentRate":true},{"uid":"WLyZMz2FED","xPos":0.9714285714285714,"yPos":0,"followBentRate":true}],"lookaheadKeyframes":[],"uid":"p2gnuiRe3b"},{"controls":[{"uid":"sptQdtPlsa","x":-55.80184540731072,"y":-55.887339068947284,"lock":false,"visible":true,"heading":330,"__type":"end-point"},{"uid":"IfKuBRLvWL","x":-36.829887170593686,"y":-83.975343367099,"lock":false,"visible":true,"heading":146.8,"__type":"end-point"}],"speedProfiles":[{"uid":"a1KfVNfVyY","xPos":0.2682926829268293,"yPos":1,"followBentRate":false}],"lookaheadKeyframes":[],"uid":"nVYwmmtDEQ"},{"controls":[{"uid":"IfKuBRLvWL","x":-36.829887170593686,"y":-83.975343367099,"lock":false,"visible":true,"heading":146.8,"__type":"end-point"},{"uid":"dMzlafKw4i","x":-20.17557737449197,"y":-112.96953346461889,"lock":false,"visible":true,"heading":140,"__type":"end-point"}],"speedProfiles":[{"uid":"JvhAfQmitS","xPos":0.3333333333333333,"yPos":0.773660349791309,"followBentRate":false},{"uid":"KxiWQUxCM6","xPos":0.972972972972973,"yPos":0.20137649700032467,"followBentRate":false}],"lookaheadKeyframes":[],"uid":"lJJjVwU7If"}],"pc":{"speedLimit":{"minLimit":{"value":0,"label":"0"},"maxLimit":{"value":600,"label":"600"},"step":1,"from":7,"to":402},"bentRateApplicableRange":{"minLimit":{"value":0,"label":"0"},"maxLimit":{"value":1,"label":"1"},"step":0.001,"from":0,"to":0.69}},"name":"Get balls under Long Goal","uid":"twFHi7lPzU","lock":true,"visible":true},{"segments":[{"controls":[{"uid":"z7LKT6ehDv","x":-20.17557737449197,"y":-112.96953346461889,"lock":false,"visible":true,"heading":140,"__type":"end-point"},{"uid":"7gflmJmHbm","x":-44.85842486359276,"y":-101.16042530478192,"lock":false,"visible":true,"heading":275,"__type":"end-point"}],"speedProfiles":[{"uid":"tPLhfIry3m","xPos":0,"yPos":0.15735466217024896,"followBentRate":false},{"uid":"FeoxhKUxCO","xPos":0.23333333333333334,"yPos":0.7296385149612332,"followBentRate":false},{"uid":"mbXCrAE0op","xPos":0.9666666666666667,"yPos":0,"followBentRate":true}],"lookaheadKeyframes":[],"uid":"LnwulUNdd9"},{"controls":[{"uid":"7gflmJmHbm","x":-44.85842486359276,"y":-101.16042530478192,"lock":false,"visible":true,"heading":275,"__type":"end-point"},{"uid":"pOnSgSuz6O","x":-91.33800721962268,"y":-94.63776612968873,"lock":false,"visible":true,"__type":"control"},{"uid":"U9X4kDs8E0","x":-105.22739960170297,"y":-125.66764052207657,"lock":false,"visible":true,"__type":"control"},{"uid":"umD2vcfxMH","x":-147.5,"y":-120,"lock":false,"visible":true,"heading":270,"__type":"end-point"}],"speedProfiles":[{"uid":"XJxNxXfZP4","xPos":0.5172413793103449,"yPos":0.9811586546927276,"followBentRate":true},{"uid":"DHrwlR8SDT","xPos":0.8362068965517241,"yPos":0.3334420014905518,"followBentRate":true},{"uid":"DMZ0m63m5g","xPos":0.9913793103448276,"yPos":0,"followBentRate":false},{"uid":"o6JJ0YGBZU","xPos":0.9913793103448276,"yPos":0,"followBentRate":false}],"lookaheadKeyframes":[],"uid":"oGOy9hEkWM"}],"pc":{"speedLimit":{"minLimit":{"value":0,"label":"0"},"maxLimit":{"value":600,"label":"600"},"step":1,"from":6,"to":524},"bentRateApplicableRange":{"minLimit":{"value":0,"label":"0"},"maxLimit":{"value":1,"label":"1"},"step":0.001,"from":0,"to":0.024}},"name":"Go to Matchloader","uid":"qlBYkPr82R","lock":true,"visible":true},{"segments":[{"controls":[{"uid":"W8LrbK8rX4","x":-147.5,"y":-120,"lock":false,"visible":true,"heading":270,"__type":"end-point"},{"uid":"trDMaeWEnr","x":-135,"y":-120,"lock":false,"visible":true,"heading":90,"__type":"end-point"}],"speedProfiles":[{"uid":"JoxejmgkYx","xPos":0,"yPos":0,"followBentRate":true},{"uid":"JXQeAhMJey","xPos":0.5,"yPos":0.15735466217024896,"followBentRate":true},{"uid":"R8VnevEjbD","xPos":0.9285714285714286,"yPos":0,"followBentRate":false}],"lookaheadKeyframes":[],"uid":"IOWptOVxNI"},{"controls":[{"uid":"trDMaeWEnr","x":-135,"y":-120,"lock":false,"visible":true,"heading":90,"__type":"end-point"},{"uid":"spbAc2rozI","x":-77,"y":-120,"lock":false,"visible":true,"heading":90,"__type":"end-point"}],"speedProfiles":[{"uid":"QWVz7378Zi","xPos":0.15,"yPos":0.3334420014905518,"followBentRate":false},{"uid":"OOVZJb1pOs","xPos":0.4,"yPos":1,"followBentRate":true},{"uid":"oPiINISP6o","xPos":0.6,"yPos":0.6730058108821976,"followBentRate":false},{"uid":"P6t69OPULe","xPos":0.9827586206896551,"yPos":0,"followBentRate":true},{"uid":"67Ls3Gm8BI","xPos":0.9827586206896551,"yPos":0,"followBentRate":false}],"lookaheadKeyframes":[],"uid":"EVfdlPxfKg"}],"pc":{"speedLimit":{"minLimit":{"value":0,"label":"0"},"maxLimit":{"value":600,"label":"600"},"step":1,"from":6,"to":547},"bentRateApplicableRange":{"minLimit":{"value":0,"label":"0"},"maxLimit":{"value":1,"label":"1"},"step":0.001,"from":0,"to":0.078}},"name":"Long Goal","uid":"KVTb5CZEw8","lock":true,"visible":true}]}