#PATH-POINTS-START Path
-169.309,-20.579,1,0
-169.28,-17.579,7.167
-169.251,-14.579,13.333
-169.221,-11.579,19.5
-169.192,-8.579,25.667
-169.163,-5.579,31.833
-169.134,-2.58,38
-169.104,0.42,44.167
-169.075,3.42,50.333
-169.046,6.42,56.5
-169.017,9.42,62.667
-168.987,12.42,68.834
-168.958,15.42,75
-168.929,18.419,81.167
-168.9,21.419,87.334
-168.87,24.419,93.5
-168.841,27.419,99.667
-168.812,30.419,105.834
-168.783,33.419,112
-168.291,36.365,118.167,18
-167.249,39.176,155.231
-165.938,41.874,192.295
-164.473,44.491,229.359
-162.909,47.051,266.423
-161.277,49.568,303.487
-159.6,52.056,340.551
-157.892,54.522,377.616
-156.162,56.973,414.68
-154.419,59.414,451.744
-152.668,61.851,488.808
-150.917,64.287,525.872
-149.171,66.726,562.936
-147.435,69.173,586.746
-145.714,71.63,580.268
-144.015,74.103,576.709
-142.342,76.593,568.605
-140.706,79.108,563.891
-139.111,81.648,552.602
-137.573,84.224,545.746
-136.1,86.837,528.682
-134.712,89.496,517.975
-133.437,92.212,490.548
-132.302,94.988,452.058
-131.359,97.835,397.846
-130.681,100.755,323.091
-130.379,103.736,226.94
-130.593,106.723,122.247
-131.525,109.564,32.185
-133.173,112.058,63.934
-135.431,114.021,111.473
-138.041,115.49,159.013
-140.841,116.56,206.553
-143.746,117.305,165.442
-146.699,117.828,124.332
-149.681,118.154,83.221
-152.674,118.342,42.111
-155.628,118.393,1,271
-154.387,115.662,55.259
-153.023,112.99,109.517
-151.548,110.379,163.776
-149.971,107.827,218.035
-148.302,105.334,272.294
-146.549,102.9,326.552
-144.716,100.525,380.811
-142.81,98.208,435.07
-140.836,95.95,489.328
-138.797,93.75,489.328
-136.693,91.611,489.328
-134.53,89.532,489.328
-132.312,87.513,489.328
-130.041,85.552,489.328
-127.715,83.658,489.328
-125.34,81.825,489.328
-122.919,80.054,489.328
-120.449,78.352,489.328
-117.934,76.716,489.328
-115.379,75.144,489.328
-112.779,73.648,489.328
-110.141,72.22,489.328
-107.465,70.864,489.328
-104.751,69.586,489.328
-102.004,68.38,489.328
-99.222,67.257,489.328
-96.411,66.21,489.328
-93.57,65.247,489.328
-90.702,64.366,466.285
-87.81,63.569,443.242
-84.895,62.861,420.198
-81.961,62.237,397.155
-79.009,61.705,374.112
-76.042,61.261,351.069
-73.063,60.91,328.025
-70.074,60.649,304.982
-67.079,60.482,281.939
-64.08,60.407,258.896
-61.081,60.422,235.852,90
-58.081,60.45,256.975
-55.081,60.448,278.098
-52.081,60.447,299.221
-49.081,60.445,320.344
-46.081,60.444,341.467
-43.081,60.443,362.59
-40.081,60.441,383.713
-37.081,60.44,404.836
-34.081,60.438,425.959
-31.081,60.437,447.082
-28.081,60.435,468.205
-25.081,60.434,489.328
-22.081,60.432,488.825
-19.081,60.431,488.322
-16.081,60.429,487.82
-13.081,60.428,487.317
-10.081,60.426,486.814
-7.081,60.425,486.311
-4.081,60.423,485.808
-1.081,60.422,485.305
1.919,60.42,484.802
4.919,60.419,484.299
7.919,60.417,483.796
10.919,60.416,483.293
13.919,60.414,482.79
16.919,60.413,482.287
19.919,60.412,481.784
22.919,60.41,481.281
25.919,60.409,480.779
28.919,60.407,480.276
31.919,60.406,454.488
34.919,60.404,428.7
37.919,60.403,402.913
40.919,60.401,377.125
43.919,60.4,351.337
46.919,60.398,325.55
49.919,60.397,299.762
52.919,60.395,273.975
55.919,60.394,248.187
58.919,60.392,222.399,90
61.852,59.827,215.257
64.801,59.275,208.115
67.779,58.92,200.974
70.774,58.787,193.832
73.77,58.923,186.69
76.734,59.373,179.548
79.621,60.177,172.406
82.372,61.365,165.264
84.91,62.959,158.122
87.166,64.931,150.98
89.08,67.236,143.838
90.635,69.798,136.696
91.817,72.553,129.554
92.661,75.43,122.413
93.179,78.383,115.271
93.406,81.373,108.129
93.372,84.372,100.987
93.093,87.358,93.845
92.584,90.314,86.703
91.867,93.226,79.561
90.951,96.082,72.419
89.845,98.869,65.277
88.556,101.578,58.135
87.089,104.194,50.993
85.449,106.705,43.851
83.64,109.097,36.71
81.665,111.354,29.568
79.53,113.461,22.426
77.242,115.399,15.284
74.808,117.152,8.142
72.241,118.701,1
72.677,119.332,57.293,270
75.677,119.323,113.586
78.677,119.313,169.879
81.677,119.304,226.172
84.677,119.294,282.465
87.677,119.284,338.758
90.677,119.275,395.051
93.677,119.265,451.344
96.677,119.255,507.637
99.677,119.246,506.317
102.677,119.236,504.996
105.677,119.227,503.676
108.677,119.217,502.355
111.677,119.207,501.035
114.677,119.198,499.714
117.677,119.188,498.394
120.677,119.179,497.073
123.677,119.169,495.752
126.677,119.159,494.432
129.677,119.15,493.111
132.677,119.14,491.791
135.677,119.131,437.259
138.677,119.121,382.726
141.677,119.111,328.194
144.677,119.102,273.662
147.677,119.092,219.129
150.677,119.083,164.597
153.677,119.073,110.065
154.794,117.756,55.532,90
153.754,114.942,1
152.714,112.128,14.435
151.674,109.314,27.87
150.634,106.5,41.305
149.594,103.686,54.74
148.555,100.872,68.175
147.515,98.058,81.61
146.475,95.244,95.045
145.435,92.43,108.48
144.395,89.616,121.914
143.355,86.802,135.349
142.316,83.988,148.784
141.276,81.174,162.219
140.236,78.36,175.654
139.196,75.546,189.089
138.156,72.732,202.524
137.116,69.918,215.959
136.076,67.104,229.394
135.037,64.29,242.829
133.997,61.476,256.264
132.957,58.662,269.699
131.917,55.848,283.134
130.877,53.034,296.569
129.837,50.22,310.004
128.798,47.405,323.439
127.758,44.591,336.873
126.718,41.777,350.308
125.678,38.963,363.743
124.638,36.149,377.178
123.598,33.335,390.613
122.559,30.521,404.048
121.519,27.707,417.483
120.479,24.893,430.918
119.439,22.079,444.353
118.399,19.265,457.788,197
117.196,16.596,471.223
116.459,13.689,477.862
115.79,10.764,484.5
115.128,7.838,491.139
114.453,4.915,497.778
113.755,1.998,504.416
113.028,-0.913,511.055
112.267,-3.815,517.693
111.468,-6.707,524.332
110.63,-9.587,530.971
109.748,-12.454,537.609
108.816,-15.306,544.248
107.837,-18.142,550.887
106.798,-20.956,557.525
105.704,-23.749,564.164
104.542,-26.515,549.21
103.316,-29.253,542.933
102.013,-31.955,531.876
100.633,-34.618,512.413
99.163,-37.234,492.949
97.603,-39.796,473.486
95.942,-42.293,454.023
94.172,-44.715,434.559
92.291,-47.051,415.096
90.279,-49.276,395.633
88.146,-51.385,376.169
85.873,-53.342,356.706
83.466,-55.13,337.243
80.932,-56.735,317.779
78.265,-58.106,298.316
75.491,-59.243,278.853
72.628,-60.135,259.389
69.691,-60.741,239.926
66.714,-61.102,220.463
63.717,-61.19,200.999
60.718,-61.117,181.536,270
57.718,-61.117,195.331
54.718,-61.117,209.125
51.718,-61.117,222.92
48.718,-61.117,236.714
45.718,-61.117,250.509
42.718,-61.117,264.304
39.718,-61.117,278.098
36.718,-61.117,291.893
33.718,-61.117,305.688
30.718,-61.117,319.482
27.718,-61.117,333.277
24.718,-61.117,347.071
21.718,-61.117,360.866
18.718,-61.117,374.661
15.718,-61.117,388.455
12.718,-61.117,402.25
9.718,-61.117,416.044
6.718,-61.117,429.839
3.718,-61.117,443.634
0.718,-61.117,457.428
-2.282,-61.117,471.223
-5.282,-61.117,456.286
-8.282,-61.117,441.349
-11.282,-61.117,426.412
-14.282,-61.117,411.475
-17.282,-61.117,396.538
-20.282,-61.117,381.601
-23.282,-61.117,366.664
-26.282,-61.117,351.727
-29.282,-61.117,336.79
-32.282,-61.117,321.853
-35.282,-61.117,306.916
-38.282,-61.117,291.979
-41.282,-61.117,277.042
-44.282,-61.117,262.105
-47.282,-61.117,247.168
-50.282,-61.117,232.231
-53.282,-61.117,217.294
-56.282,-61.117,202.357
-59.282,-61.117,187.42
-60.291,-60.273,172.483,270
-58.204,-58.118,188.594
-56.117,-55.963,204.704
-54.03,-53.807,220.815
-51.943,-51.652,236.926
-49.857,-49.497,253.036
-47.77,-47.342,269.147
-45.683,-45.186,285.257
-43.596,-43.031,301.368
-41.509,-40.876,317.479
-39.423,-38.72,272.267
-37.336,-36.565,227.056
-35.249,-34.41,181.845
-33.162,-32.254,136.634
-31.076,-30.099,91.422
-28.989,-27.944,46.211
-26.8,-27.518,1,45
-24.474,-29.413,25.449
-22.149,-31.308,49.898
-19.823,-33.203,74.347
-17.497,-35.098,98.796
-15.171,-36.993,123.245
-12.846,-38.888,147.694
-10.52,-40.783,172.143
-8.194,-42.678,196.592
-5.869,-44.573,221.041
-3.543,-46.468,245.49
-1.217,-48.363,269.939,130
1.083,-50.288,249.565
3.42,-52.17,229.191
5.801,-53.995,208.817
8.236,-55.747,188.442
10.735,-57.406,168.068
13.312,-58.94,147.694
15.987,-60.297,127.32
18.784,-61.377,118.899
21.713,-61.999,110.477
24.689,-61.791,102.056
27.272,-60.331,93.635
28.975,-57.884,85.213
29.917,-55.041,76.792
30.376,-52.079,68.371
30.533,-49.084,59.949
30.479,-46.085,51.528
30.277,-43.092,43.107
29.958,-40.109,34.685
29.546,-37.138,26.264
29.062,-34.177,17.843
28.518,-31.227,9.421
27.919,-28.288,1
26.776,-25.702,39.258,315
25.212,-25.079,77.516
27.477,-27.045,115.774
29.8,-28.944,154.033
32.143,-30.817,192.291
34.497,-32.676,230.549
36.86,-34.525,268.807
39.229,-36.365,307.065
41.603,-38.199,345.323
43.982,-40.027,383.581
46.365,-41.85,421.84
48.751,-43.668,460.098
51.14,-45.482,459.886
53.533,-47.292,459.675
55.928,-49.098,459.463
58.326,-50.901,459.252
60.727,-52.7,459.04
63.13,-54.496,458.829
65.536,-56.288,458.617
67.944,-58.077,458.406
70.354,-59.863,458.194
72.767,-61.646,457.982
75.182,-63.426,457.771
77.599,-65.203,457.559
80.019,-66.976,457.348
82.44,-68.747,457.136
84.864,-70.515,456.925
87.29,-72.28,456.713
89.719,-74.041,456.502
92.149,-75.8,456.29
94.582,-77.555,456.079
97.017,-79.307,455.867
99.455,-81.056,455.656
101.894,-82.802,455.444
104.336,-84.545,455.233
106.781,-86.284,455.021
109.228,-88.02,454.81
111.677,-89.752,454.598
114.129,-91.481,454.387
116.583,-93.206,454.175
119.039,-94.928,453.964
121.499,-96.646,453.752
123.962,-98.359,453.54
126.427,-100.069,453.329
128.894,-101.775,453.117
131.365,-103.477,407.906
133.839,-105.174,362.694
136.316,-106.866,317.482
138.796,-108.554,272.27
141.279,-110.238,227.059
143.765,-111.917,181.847
146.255,-113.59,136.635
148.749,-115.257,91.423
151.247,-116.919,46.212
153.748,-118.576,1,90
154.76,-121.105,105.908
154.94,-124.1,210.816
155.052,-127.097,315.723
155.097,-130.097,420.631
155.052,-133.096,534.706
154.922,-136.093,522.487
154.676,-139.083,515.54
154.311,-142.06,499.815
153.805,-145.017,481.517
153.133,-147.94,460.663
152.27,-150.812,437.596
151.187,-153.609,413.122
149.858,-156.297,376.958
148.244,-158.824,356.197
146.345,-161.143,335.71
144.164,-163.2,332.726
141.723,-164.94,340.857
139.079,-166.352,365.035
136.286,-167.442,397.439
133.394,-168.236,431.605
130.442,-168.763,453.174
127.458,-169.069,482.074
124.461,-169.185,498.724
121.462,-169.148,494.255
118.467,-168.975,488.796
115.48,-168.693,483.338
112.504,-168.32,477.88
109.538,-167.871,472.422
106.582,-167.358,466.963
103.636,-166.791,461.505
100.699,-166.179,456.047
97.771,-165.528,450.589,280
94.854,-164.828,445.13
91.951,-164.071,439.672
89.063,-163.257,434.214
86.194,-162.382,428.756
83.343,-161.447,423.298
80.513,-160.452,417.839
77.705,-159.397,412.381
74.919,-158.284,406.923
72.155,-157.118,401.465
69.412,-155.902,396.006
66.69,-154.641,390.548
63.988,-153.339,385.09
61.302,-152.002,379.632
58.632,-150.635,374.173
55.973,-149.245,368.715
53.325,-147.835,363.257
50.684,-146.412,357.799
48.049,-144.979,352.341
45.417,-143.539,346.882
42.786,-142.098,341.424
40.154,-140.657,335.966
37.521,-139.219,330.508
34.886,-137.786,325.049
32.246,-136.361,319.591
29.602,-134.943,314.133
26.952,-133.536,308.675
24.297,-132.14,303.216
21.636,-130.754,297.758
18.969,-129.381,292.3
16.295,-128.02,286.842
13.615,-126.672,281.384
10.929,-125.338,275.925
8.236,-124.015,270.467
5.536,-122.706,265.009
2.83,-121.411,259.551
0.138,-120.102,254.092,315
-1.864,-117.867,268.955
-3.854,-115.622,283.818
-5.833,-113.368,298.681
-7.801,-111.103,313.543
-9.76,-108.832,328.406
-11.715,-106.555,343.269
-13.669,-104.279,358.131
-15.63,-102.009,372.994
-17.611,-99.757,387.857
-19.629,-97.537,402.719
-21.71,-95.376,417.582
-23.889,-93.314,432.445
-26.208,-91.412,400.708
-28.698,-89.743,363.866
-31.365,-88.372,366.961
-34.172,-87.319,406.981
-37.07,-86.547,437.481
-40.018,-85.993,429.251
-42.991,-85.596,421.021
-45.977,-85.308,412.792
-48.969,-85.094,404.562
-51.965,-84.931,396.332
-54.962,-84.803,388.102
-57.96,-84.698,379.873
-60.955,-84.707,371.643,260
-63.917,-85.176,393.37
-66.848,-85.814,415.096
-69.751,-86.572,436.823
-72.628,-87.42,458.549
-75.484,-88.339,480.276
-78.322,-89.31,502.002
-81.145,-90.325,523.729
-83.956,-91.373,545.455
-86.758,-92.447,567.182
-89.551,-93.541,588.908
-92.338,-94.651,585.713
-95.121,-95.772,582.518
-97.9,-96.901,579.323
-100.677,-98.035,576.128
-103.454,-99.171,572.933
-106.231,-100.307,569.738
-109.009,-101.44,566.543
-111.788,-102.568,563.348
-114.571,-103.69,560.152
-117.357,-104.803,556.957
-120.147,-105.905,553.762
-122.942,-106.995,550.567
-125.742,-108.071,547.372
-128.548,-109.132,544.177
-131.362,-110.174,540.982
-134.182,-111.197,537.787
-137.009,-112.2,534.592
-139.845,-113.178,468.205
-142.689,-114.132,401.819
-145.542,-115.061,335.432
-148.405,-115.958,269.046
-151.277,-116.825,202.659
-154.158,-117.66,136.272,270
-153.288,-118.022,176.507
-150.29,-118.132,216.741
-147.292,-118.242,256.975
-144.294,-118.351,297.21
-141.296,-118.461,337.444
-138.298,-118.571,377.678
-135.3,-118.68,417.912
-132.302,-118.79,458.147
-129.304,-118.9,498.381
-126.306,-119.01,498.857
-123.308,-119.119,499.334
-120.31,-119.229,499.81
-117.312,-119.339,500.287
-114.314,-119.448,500.763
-111.316,-119.558,501.24
-108.318,-119.668,501.716
-105.32,-119.777,502.193
-102.322,-119.887,502.669
-99.324,-119.997,503.146
-96.326,-120.106,503.622
-93.328,-120.216,504.099
-90.33,-120.326,504.575
-87.332,-120.435,505.051
-84.334,-120.545,505.528
-81.336,-120.655,506.004
-78.338,-120.764,506.481
-75.34,-120.874,506.957
-72.342,-120.984,507.434
-69.344,-121.094,457.644
-68.167,-119.256,407.854,90
-68.076,-116.258,358.064
-67.985,-113.259,308.274
-67.895,-110.26,258.484
-67.804,-107.262,208.694
-67.713,-104.263,158.904
-66.807,-101.473,109.114,40
-64.517,-99.572,143.313
-61.798,-98.314,177.513
-58.946,-97.39,211.712
-56.034,-96.669,245.911
-53.094,-96.074,280.11
-50.136,-95.573,314.309
-47.168,-95.134,348.508
-44.194,-94.742,382.707
-41.215,-94.387,416.907
-38.233,-94.059,433.201
-35.249,-93.753,449.496
-32.263,-93.464,465.791
-29.276,-93.185,482.086
-26.288,-92.916,498.381
-23.3,-92.652,514.676
-20.311,-92.391,530.971
-17.322,-92.132,547.266
-14.334,-91.873,563.561
-11.345,-91.611,579.855
-8.357,-91.346,578.382
-5.369,-91.077,576.908
-2.381,-90.802,575.434
0.605,-90.519,573.961
3.591,-90.229,572.487
6.576,-89.932,571.013
9.56,-89.623,569.54
12.543,-89.304,568.066
15.525,-88.976,566.592
18.506,-88.635,565.118
21.485,-88.28,563.645
24.463,-87.914,562.171
27.438,-87.534,560.697
30.412,-87.137,559.224
33.384,-86.729,557.75
36.354,-86.303,556.276
39.32,-85.858,554.803
42.286,-85.402,553.329
45.247,-84.923,551.855
48.206,-84.426,550.381
51.162,-83.917,548.908
54.114,-83.379,547.434
57.062,-82.826,545.96
60.007,-82.255,544.487
62.946,-81.655,543.013
65.883,-81.039,541.539
68.814,-80.399,540.066
71.739,-79.733,538.592
74.66,-79.051,537.118
77.573,-78.334,535.645
80.481,-77.596,534.171
83.383,-76.838,532.697
86.276,-76.041,531.223
89.163,-75.229,529.75
92.041,-74.381,528.276
94.91,-73.504,526.802
97.774,-72.609,525.329
100.621,-71.666,523.855
103.463,-70.704,522.381
106.293,-69.708,520.908
109.109,-68.674,519.434
111.917,-67.62,517.96
114.707,-66.515,516.486
117.485,-65.385,496.118
120.251,-64.223,475.749
122.996,-63.011,455.381
125.73,-61.778,435.012
128.442,-60.495,414.643
131.136,-59.175,394.275
133.817,-57.829,373.906
136.466,-56.421,353.538
139.101,-54.988,333.169
141.712,-53.51,312.8
144.294,-51.984,292.432
146.861,-50.432,272.063
149.389,-48.815,241.945
151.894,-47.166,211.827
154.374,-45.478,181.709
156.812,-43.729,151.591
159.229,-41.953,121.473
161.604,-40.12,91.354
163.944,-38.243,61.236
166.26,-36.336,31.118
168.525,-34.369,1,0
168.827,-31.491,57.957
168.867,-28.491,114.914
168.907,-25.492,171.871
168.947,-22.492,228.828
168.987,-19.492,285.786
169.027,-16.492,251.829
169.067,-13.493,217.872
169.107,-10.493,183.915
169.147,-7.493,149.958
169.187,-4.493,116.001
169.227,-1.494,82.044
169.242,-0.342,48.087,0
169.242,-0.342,0,0
#PATH.JERRYIO-DATA {"appVersion":"0.10.0","format":"path.jerryio v0.1","gc":{"robotWidth":12.5,"robotHeight":15,"robotIsHolonomic":false,"showRobot":false,"uol":1,"pointDensity":3,"controlMagnetDistance":5,"fieldImage":{"displayName":"V5RC 2026 - Push Back (Skills)","signature":"V5RC-PushBack-Skills-TopDownHighlighted-TileColor66_71","origin":{"__type":"built-in"}},"coordinateSystem":"VEX Gaming Positioning System"},"paths":[{"segments":[{"controls":[{"uid":"MrjHx1p3gS","x":-169.30898012954222,"y":-20.578768251180144,"lock":false,"visible":true,"heading":0,"__type":"end-point"},{"uid":"AXHmadGY4C","x":-168.7766990291262,"y":34.03398058252427,"lock":false,"visible":true,"heading":18,"__type":"end-point"}],"speedProfiles":[{"uid":"ITtBFaNqHq","xPos":0,"yPos":0,"followBentRate":false},{"uid":"v5jC2ITH5V","xPos":0.9736842105263158,"yPos":0.19560437069278203,"followBentRate":true}],"lookaheadKeyframes":[],"uid":"qNHKcvuLrU"},{"controls":[{"uid":"AXHmadGY4C","x":-168.7766990291262,"y":34.03398058252427,"lock":false,"visible":true,"heading":18,"__type":"end-point"},{"uid":"ChWWS4kEBz","x":-166.7771434844659,"y":54.36359644307828,"lock":false,"visible":true,"__type":"control"},{"uid":"NB32FWRxiF","x":-92.74757281553399,"y":118.02427184466019,"lock":false,"visible":true,"__type":"control"},{"uid":"f7rsWAx3qu","x":-155.64077669902912,"y":118.42233009708738,"lock":false,"visible":true,"heading":271,"__type":"end-point"}],"speedProfiles":[{"uid":"GY4KIOSnBZ","xPos":0.3392857142857143,"yPos":1,"followBentRate":true},{"uid":"GDw2BB4jj9","xPos":0.75,"yPos":0.996595786482892,"followBentRate":true},{"uid":"UFDU50M8ch","xPos":0.7567567567567568,"yPos":0.10506459392567802,"followBentRate":false},{"uid":"tBNE0nM4dQ","xPos":0.8378378378378378,"yPos":0.34315983202091616,"followBentRate":false},{"uid":"fvVK3sQcCi","xPos":0.972972972972973,"yPos":0,"followBentRate":false}],"lookaheadKeyframes":[],"uid":"dadMEjXXMu"},{"controls":[{"uid":"f7rsWAx3qu","x":-155.64077669902912,"y":118.42233009708738,"lock":false,"visible":true,"heading":271,"__type":"end-point"},{"uid":"AjLnhcd8Zh","x":-144.27533090537676,"y":91.56785910094405,"lock":false,"visible":true,"__type":"control"},{"uid":"rs5POuZbIk","x":-106.79009051351566,"y":58.90745163080762,"lock":false,"visible":true,"__type":"control"},{"uid":"CXFofu9mP7","x":-59.952101431541045,"y":60.45085457858485,"lock":false,"visible":true,"heading":90,"__type":"end-point"}],"speedProfiles":[{"uid":"XHPl0aLAfZ","xPos":0.22033898305084745,"yPos":0.8152392395115464,"followBentRate":true},{"uid":"ddCW24jLA4","xPos":0.711864406779661,"yPos":0.8152392395115464,"followBentRate":false},{"uid":"LWs5n6ksah","xPos":0.9830508474576272,"yPos":0.39207396324507315,"followBentRate":true}],"lookaheadKeyframes":[],"uid":"CebQ1ozpDt"},{"controls":[{"uid":"CXFofu9mP7","x":-59.952101431541045,"y":60.45085457858485,"lock":false,"visible":true,"heading":90,"__type":"end-point"},{"uid":"6ma2LbEBnO","x":59.48107478899702,"y":60.39201560672289,"lock":false,"visible":true,"heading":90,"__type":"end-point"}],"speedProfiles":[{"uid":"NWEOELcJDy","xPos":0.2833333333333333,"yPos":0.8152392395115464,"followBentRate":false},{"uid":"1RY8U24Lqa","xPos":0.7333333333333333,"yPos":0.8001261939306009,"followBentRate":false},{"uid":"UuSONqWQug","xPos":0.975,"yPos":0.36961485847594255,"followBentRate":true}],"lookaheadKeyframes":[],"uid":"z25tqUpgxl"},{"controls":[{"uid":"6ma2LbEBnO","x":59.48107478899702,"y":60.39201560672289,"lock":false,"visible":true,"heading":90,"__type":"end-point"},{"uid":"ObdavPryeJ","x":103.91856007822534,"y":48.67865149836438,"lock":false,"visible":true,"__type":"control"},{"uid":"N79LgOFA5K","x":101.44046482187893,"y":104.12603285911466,"lock":false,"visible":true,"__type":"control"},{"uid":"N3e0Ualqim","x":71.03799372655747,"y":119.33760259796504,"lock":false,"visible":true,"heading":270,"__type":"end-point"}],"speedProfiles":[{"uid":"UChcXcz8e2","xPos":0.9375,"yPos":0,"followBentRate":true}],"lookaheadKeyframes":[],"uid":"L7Byr3Qcn1"},{"controls":[{"uid":"N3e0Ualqim","x":71.03799372655747,"y":119.33760259796504,"lock":false,"visible":true,"heading":270,"__type":"end-point"},{"uid":"m2SpQdzzfK","x":155.27829201888295,"y":119.06779337615323,"lock":false,"visible":true,"heading":90,"__type":"end-point"}],"speedProfiles":[{"uid":"M80EDvCNhr","xPos":0.25,"yPos":0.8458053346664187,"followBentRate":true},{"uid":"27r6ztJbKb","xPos":0.6785714285714286,"yPos":0.8193503082113922,"followBentRate":false}],"lookaheadKeyframes":[],"uid":"Gk2N0Izt2U"},{"controls":[{"uid":"m2SpQdzzfK","x":155.27829201888295,"y":119.06779337615323,"lock":false,"visible":true,"heading":90,"__type":"end-point"},{"uid":"H1ZjdRUZ0Q","x":118.03317588657464,"y":18.27481257369294,"lock":false,"visible":true,"heading":197,"__type":"end-point"}],"speedProfiles":[{"uid":"Rp30iCHeJa","xPos":0,"yPos":0,"followBentRate":false},{"uid":"5l8ysn7Sxv","xPos":0,"yPos":0,"followBentRate":false}],"lookaheadKeyframes":[],"uid":"LebiyFkSaw"},{"controls":[{"uid":"H1ZjdRUZ0Q","x":118.03317588657464,"y":18.27481257369294,"lock":false,"visible":true,"heading":197,"__type":"end-point"},{"uid":"FPG9femIl0","x":115.37975063882735,"y":18.960186222314167,"lock":false,"visible":true,"__type":"control"},{"uid":"IjMtr4j1Zr","x":108.14666161650658,"y":-64.27758158137567,"lock":false,"visible":true,"__type":"control"},{"uid":"bdYGImzu4N","x":61.49457268872729,"y":-61.11697213576824,"lock":false,"visible":true,"heading":270,"__type":"end-point"}],"speedProfiles":[{"uid":"veLXGqIKhM","xPos":0,"yPos":0.7850131483496554,"followBentRate":false},{"uid":"nqTaF2MXm7","xPos":0.41818181818181815,"yPos":0.9512566497400556,"followBentRate":true},{"uid":"6P194qbTEk","xPos":0.9818181818181818,"yPos":0.30139568975940034,"followBentRate":false}],"lookaheadKeyframes":[],"uid":"uxvDa0uch5"},{"controls":[{"uid":"bdYGImzu4N","x":61.49457268872729,"y":-61.11697213576824,"lock":false,"visible":true,"heading":270,"__type":"end-point"},{"uid":"rWqS6YmwV1","x":-61.10736905884552,"y":-61.11697213576824,"lock":false,"visible":true,"heading":270,"__type":"end-point"}],"speedProfiles":[{"uid":"x5NGihBQQV","xPos":0.5081967213114754,"yPos":0.7850131483496554,"followBentRate":false},{"uid":"VobwpTfnWJ","xPos":0.9836065573770492,"yPos":0.28628264417845484,"followBentRate":false}],"lookaheadKeyframes":[],"uid":"bgvqpT5VXn"},{"controls":[{"uid":"rWqS6YmwV1","x":-61.10736905884552,"y":-61.11697213576824,"lock":false,"visible":true,"heading":270,"__type":"end-point"},{"uid":"AsdJrhHko9","x":-27.792909596929782,"y":-26.708827355116917,"lock":false,"visible":true,"heading":45,"__type":"end-point"}],"speedProfiles":[{"uid":"u8APAu8vQS","xPos":0.5,"yPos":0.5283450172061013,"followBentRate":true},{"uid":"ZLaom7kykH","xPos":0.9375,"yPos":0,"followBentRate":false}],"lookaheadKeyframes":[],"uid":"lbWs016IvV"},{"controls":[{"uid":"AsdJrhHko9","x":-27.792909596929782,"y":-26.708827355116917,"lock":false,"visible":true,"heading":45,"__type":"end-point"},{"uid":"9lNJG2GVOE","x":-1.0993210677458969,"y":-48.45915874926675,"lock":false,"visible":true,"heading":130,"__type":"end-point"}],"speedProfiles":[{"uid":"fCizR6CheF","xPos":0.9090909090909091,"yPos":0.44897993784102197,"followBentRate":true}],"lookaheadKeyframes":[],"uid":"aBDj076V75"},{"controls":[{"uid":"9lNJG2GVOE","x":-1.0993210677458969,"y":-48.45915874926675,"lock":false,"visible":true,"heading":130,"__type":"end-point"},{"uid":"jFyUy4zJSA","x":21.516472998571086,"y":-67.75571362609773,"lock":false,"visible":true,"__type":"control"},{"uid":"ChIj9pdrNX","x":37.5457451081258,"y":-71.46504838175635,"lock":false,"visible":true,"__type":"control"},{"uid":"6gtlqrpnVD","x":27.458928773057938,"y":-26.158523204689505,"lock":false,"visible":true,"heading":315,"__type":"end-point"}],"speedProfiles":[{"uid":"wYiyAV7fpT","xPos":0.2608695652173913,"yPos":0.21088469974578383,"followBentRate":false},{"uid":"yEiAtBPKZH","xPos":0.9130434782608695,"yPos":0,"followBentRate":false},{"uid":"8CKbRHZuxm","xPos":0.9130434782608695,"yPos":0,"followBentRate":false}],"lookaheadKeyframes":[],"uid":"FBsoxodr0h"},{"controls":[{"uid":"6gtlqrpnVD","x":27.458928773057938,"y":-26.158523204689505,"lock":false,"visible":true,"heading":315,"__type":"end-point"},{"uid":"3MD8kjy0c8","x":9.168877373431936,"y":-13.80038036710446,"lock":false,"visible":true,"__type":"control"},{"uid":"jtVhLAXuWc","x":87.87930736286692,"y":-75.15274727845063,"lock":false,"visible":true,"__type":"control"},{"uid":"RP49cHLKuU","x":154.6132786858266,"y":-119.14773578025363,"lock":false,"visible":true,"heading":90,"__type":"end-point"}],"speedProfiles":[{"uid":"dpXUPpqDnO","xPos":0.18518518518518517,"yPos":0.7664402553013394,"followBentRate":true},{"uid":"RwRkL5Rzqb","xPos":0.8024691358024691,"yPos":0.7547870571877645,"followBentRate":false},{"uid":"A1W6Odzbmj","xPos":0.9814814814814815,"yPos":0,"followBentRate":false}],"lookaheadKeyframes":[],"uid":"W9C3zjuQtV"},{"controls":[{"uid":"RP49cHLKuU","x":154.6132786858266,"y":-119.14773578025363,"lock":false,"visible":true,"heading":90,"__type":"end-point"},{"uid":"QpRVWhlI3n","x":158.98962826284367,"y":-172.19033321350938,"lock":false,"visible":true,"__type":"control"},{"uid":"J1i2OiNjsD","x":133.2077712684137,"y":-173.4419244569574,"lock":false,"visible":true,"__type":"control"},{"uid":"Bt1SBa3sGa","x":98.83777935220546,"y":-165.7718875774609,"lock":false,"visible":true,"heading":280,"__type":"end-point"}],"speedProfiles":[{"uid":"vTaWw1sBpB","xPos":0.14893617021276595,"yPos":0.8756914218353282,"followBentRate":true},{"uid":"p98qti9qwP","xPos":0.14893617021276595,"yPos":0.996595786482892,"followBentRate":true}],"lookaheadKeyframes":[],"uid":"qPlI8ie9vU"},{"controls":[{"uid":"Bt1SBa3sGa","x":98.83777935220546,"y":-165.7718875774609,"lock":false,"visible":true,"heading":280,"__type":"end-point"},{"uid":"tFEJZllv03","x":64.46778743599722,"y":-158.10185069796438,"lock":false,"visible":true,"__type":"control"},{"uid":"OnExeQ3tzN","x":49.249567199101655,"y":-143.23179114423186,"lock":false,"visible":true,"__type":"control"},{"uid":"rBNVF3DG6E","x":0.19171025619146478,"y":-120.16133950080925,"lock":false,"visible":true,"heading":315,"__type":"end-point"}],"speedProfiles":[{"uid":"UIiNn58Nu5","xPos":0.9722222222222222,"yPos":0.42252491138599546,"followBentRate":true}],"lookaheadKeyframes":[],"uid":"qTajUrUcAW"},{"controls":[{"uid":"rBNVF3DG6E","x":0.19171025619146478,"y":-120.16133950080925,"lock":false,"visible":true,"heading":315,"__type":"end-point"},{"uid":"fFLlsSnaO2","x":-28.97782630445782,"y":-87.80967167899821,"lock":false,"visible":true,"__type":"control"},{"uid":"xdt4EnBG3Z","x":-23.674274202521627,"y":-85.68825083822372,"lock":false,"visible":true,"__type":"control"},{"uid":"98sjnh8FZP","x":-60.268783705881646,"y":-84.62754041783647,"lock":false,"visible":true,"heading":260,"__type":"end-point"}],"speedProfiles":[{"uid":"OqDWLLCmyw","xPos":0.5405405405405406,"yPos":0.76990010276871,"followBentRate":true},{"uid":"vszE62UXY7","xPos":0.972972972972973,"yPos":0.6187696469592553,"followBentRate":true}],"lookaheadKeyframes":[],"uid":"d5Sv0KvU80"},{"controls":[{"uid":"98sjnh8FZP","x":-60.268783705881646,"y":-84.62754041783647,"lock":false,"visible":true,"heading":260,"__type":"end-point"},{"uid":"978gQuSEoO","x":-79.8919264830457,"y":-86.66140782402091,"lock":false,"visible":true,"__type":"control"},{"uid":"5ZLpJjyV4Z","x":-117.01679119659934,"y":-107.34526102157221,"lock":false,"visible":true,"__type":"control"},{"uid":"htfk7xsI9Y","x":-155.20236633054023,"y":-117.9523652254447,"lock":false,"visible":true,"heading":270,"__type":"end-point"}],"speedProfiles":[{"uid":"zQlLdnWeiQ","xPos":0.3,"yPos":0.9814827409019465,"followBentRate":true},{"uid":"ubqxvSDiMd","xPos":0.8,"yPos":0.8908044674162737,"followBentRate":true},{"uid":"Ie1LAQ2NSI","xPos":0.98,"yPos":0.22583046185467304,"followBentRate":true}],"lookaheadKeyframes":[],"uid":"4fCZa2yfaN"},{"controls":[{"uid":"htfk7xsI9Y","x":-155.20236633054023,"y":-117.9523652254447,"lock":false,"visible":true,"heading":270,"__type":"end-point"},{"uid":"8MO1S2hvxn","x":-68.22411185878597,"y":-121.13449648660644,"lock":false,"visible":true,"heading":90,"__type":"end-point"}],"speedProfiles":[{"uid":"o9uAjvbcXY","xPos":0.29545454545454547,"yPos":0.8303522850924918,"followBentRate":true},{"uid":"Uorh8wUPmk","xPos":0.9318181818181818,"yPos":0.8454653306734373,"followBentRate":false}],"lookaheadKeyframes":[],"uid":"JnoPi5BxiX"},{"controls":[{"uid":"8MO1S2hvxn","x":-68.22411185878597,"y":-121.13449648660644,"lock":false,"visible":true,"heading":90,"__type":"end-point"},{"uid":"zl4sPtzlbt","x":-67.69375664859238,"y":-103.63277455021688,"lock":false,"visible":true,"heading":40,"__type":"end-point"}],"speedProfiles":[{"uid":"EDJqqkyWa4","xPos":0.8888888888888888,"yPos":0.18049132511183663,"followBentRate":false}],"lookaheadKeyframes":[],"uid":"TQqbgjUY1R"},{"controls":[{"uid":"zl4sPtzlbt","x":-67.69375664859238,"y":-103.63277455021688,"lock":false,"visible":true,"heading":40,"__type":"end-point"},{"uid":"HgToaYKlrA","x":-66.10269101801154,"y":-83.47927656285921,"lock":false,"visible":true,"__type":"control"},{"uid":"ruyebuVIWq","x":87.64747639141609,"y":-106.26590326407921,"lock":false,"visible":true,"__type":"control"},{"uid":"f48UMRscyh","x":168.7918235510406,"y":-34.13759467774648,"lock":false,"visible":true,"heading":0,"__type":"end-point"}],"speedProfiles":[{"uid":"udbGljSzNm","xPos":0.09917355371900827,"yPos":0.6943348748639826,"followBentRate":false},{"uid":"SYWrA45Mle","xPos":0.2231404958677686,"yPos":0.9663696953210011,"followBentRate":true},{"uid":"HnhVRF94Pl","xPos":0.743801652892562,"yPos":0.8605783762543828,"followBentRate":true},{"uid":"06FOzTJLRJ","xPos":0.8842975206611571,"yPos":0.45252614556885506,"followBentRate":true},{"uid":"6BpGcMLrkz","xPos":0.9917355371900827,"yPos":0,"followBentRate":false}],"lookaheadKeyframes":[],"uid":"wnbgmEI1sb"},{"controls":[{"uid":"f48UMRscyh","x":168.7918235510406,"y":-34.13759467774648,"lock":false,"visible":true,"heading":0,"__type":"end-point"},{"uid":"ikfZ2nnwCL","x":169.24243023042155,"y":-0.3420937241785194,"lock":false,"visible":true,"heading":0,"__type":"end-point"}],"speedProfiles":[{"uid":"rzxf7VvZo0","xPos":0.38461538461538464,"yPos":0.47543496429604837,"followBentRate":false},{"uid":"7phA6TO4pr","xPos":0.9230769230769231,"yPos":0.07860956747065162,"followBentRate":false}],"lookaheadKeyframes":[],"uid":"YTPYugaLdm"}],"pc":{"speedLimit":{"minLimit":{"value":0,"label":"0"},"maxLimit":{"value":600,"label":"600"},"step":1,"from":1,"to":600},"bentRateApplicableRange":{"minLimit":{"value":0,"label":"0"},"maxLimit":{"value":1,"label":"1"},"step":0.001,"from":0,"to":0.1}},"name":"Path","uid":"gqmB9zjS3K","lock":false,"visible":true}]}