#PATH-POINTS-START Path
-169.309,-20.579,1,0
-169.299,-19.579,3.17
-169.289,-18.579,5.34
-169.28,-17.579,7.509
-169.27,-16.579,9.679
-169.26,-15.579,11.849
-169.251,-14.579,14.019
-169.241,-13.579,16.188
-169.231,-12.579,18.358
-169.221,-11.579,20.528
-169.212,-10.579,22.698
-169.202,-9.579,24.867
-169.192,-8.579,27.037
-169.182,-7.579,29.207
-169.173,-6.579,31.377
-169.163,-5.579,33.546
-169.153,-4.58,35.716
-169.143,-3.58,37.886
-169.134,-2.58,40.056
-169.124,-1.58,42.225
-169.114,-0.58,44.395
-169.104,0.42,46.565
-169.095,1.42,48.735
-169.085,2.42,50.904
-169.075,3.42,53.074
-169.065,4.42,55.244
-169.056,5.42,57.414
-169.046,6.42,59.584
-169.036,7.42,61.753
-169.027,8.42,63.923
-169.017,9.42,66.093
-169.007,10.42,68.263
-168.997,11.42,70.432
-168.988,12.42,72.602
-168.978,13.42,74.772
-168.968,14.42,76.942
-168.958,15.42,79.111
-168.949,16.419,81.281
-168.939,17.419,83.451
-168.929,18.419,85.621
-168.919,19.419,87.79
-168.91,20.419,89.96
-168.9,21.419,92.13
-168.89,22.419,94.3
-168.88,23.419,96.469
-168.871,24.419,98.639
-168.861,25.419,100.809
-168.851,26.419,102.979
-168.841,27.419,105.148
-168.832,28.419,107.318
-168.822,29.419,109.488
-168.812,30.419,111.658
-168.802,31.419,113.827
-168.793,32.419,115.997
-168.783,33.419,118.167
-168.585,34.368,129.118,28
-168.088,35.235,140.069
-167.59,36.102,151.019
-167.092,36.969,161.97
-166.594,37.837,172.921
-166.096,38.704,183.872
-165.598,39.571,194.822
-165.1,40.438,205.773
-164.603,41.306,216.724
-164.105,42.173,227.675
-163.607,43.04,238.625
-163.109,43.907,249.576
-162.611,44.775,260.527
-162.113,45.642,271.478
-161.615,46.509,282.428
-161.117,47.376,293.379
-160.62,48.244,304.33
-160.122,49.111,315.281
-159.624,49.978,326.231
-159.126,50.845,337.182
-158.628,51.713,348.133
-158.13,52.58,359.084
-157.632,53.447,370.034
-157.135,54.314,380.985
-156.637,55.182,391.936
-156.139,56.049,402.887
-155.641,56.916,413.837
-155.143,57.783,424.788
-154.645,58.651,435.739
-154.147,59.518,446.69
-153.649,60.385,457.64
-153.152,61.252,468.591
-152.654,62.12,479.542
-152.156,62.987,490.493
-151.658,63.854,501.443
-151.16,64.721,512.394
-150.662,65.589,523.345
-150.164,66.456,534.296
-149.666,67.323,545.246
-149.169,68.19,556.197
-148.671,69.058,567.148
-148.173,69.925,578.099
-147.675,70.792,589.049
-147.177,71.659,600
-146.679,72.527,586.372
-146.181,73.394,572.743
-145.684,74.261,559.115
-145.186,75.128,545.486
-144.688,75.996,531.858
-144.19,76.863,518.23
-143.692,77.73,504.601
-143.194,78.597,490.973
-142.696,79.465,477.345
-142.198,80.332,463.716
-141.701,81.199,450.088
-141.203,82.066,436.459
-140.705,82.934,422.831
-140.207,83.801,409.203
-139.709,84.668,395.574
-139.211,85.535,381.946
-138.713,86.403,368.317
-138.215,87.27,354.689
-137.718,88.137,341.061
-137.22,89.004,327.432
-136.722,89.872,313.804
-136.224,90.739,300.176
-135.726,91.606,286.547
-135.228,92.473,272.919
-134.73,93.341,259.29
-134.233,94.208,245.662
-133.735,95.075,232.034
-133.237,95.942,218.405
-132.739,96.81,204.777
-132.241,97.677,196.939
-131.743,98.544,189.102
-131.245,99.411,181.264
-130.747,100.279,173.427
-130.25,101.146,165.589
-129.752,102.013,157.751
-129.254,102.88,149.914
-128.756,103.748,142.076
-128.258,104.615,134.239
-127.76,105.482,126.401
-127.262,106.35,118.564
-126.764,107.217,110.726
-126.267,108.084,102.888
-125.769,108.951,95.051
-125.271,109.819,87.213
-124.773,110.686,79.376
-124.275,111.553,71.538
-123.777,112.42,63.701
-123.279,113.288,55.863
-122.782,114.155,48.025
-122.284,115.022,40.188
-121.786,115.889,32.35
-121.288,116.757,24.513
-120.79,117.624,16.675
-120.292,118.491,8.838
-120.413,119,1,270
-121.413,119,5.167
-122.413,119,9.333
-123.413,119,13.5
-124.413,119,17.666
-125.413,119,21.833
-126.413,119,25.999
-127.413,119,30.166
-128.413,119,34.333
-129.413,119,38.499
-130.413,119,42.666
-131.413,119,46.832
-132.413,119,50.999
-133.413,119,55.165
-134.413,119,59.332
-135.413,119,63.498
-136.413,119,67.665
-137.413,119,71.832
-138.413,119,75.998
-139.413,119,80.165
-140.413,119,84.331
-141.413,119,88.498
-142.413,119,92.664
-143.413,119,96.831
-144.413,119,100.998
-145.413,119,105.164
-146.413,119,109.331
-147.413,119,113.497
-148.413,119,117.664
-149.413,119,121.83
-150.413,119,125.997
-151.413,119,130.163
-152.413,119,134.33
-153.413,119,138.497
-154.413,119,142.663
-155.413,119,146.83
-154.869,119,150.996,270
-153.869,119,160.425
-152.869,119,169.853
-151.869,119,179.281
-150.869,119,188.71
-149.869,119,198.138
-148.869,119,207.567
-147.869,119,216.995
-146.869,119,226.423
-145.869,119,235.852
-144.869,119,245.28
-143.869,119,254.709
-142.869,119,264.137
-141.869,119,273.565
-140.869,119,282.994
-139.869,119,292.422
-138.869,119,301.851
-137.869,119,311.279
-136.869,119,320.707
-135.869,119,330.136
-134.869,119,339.564
-133.869,119,348.993
-132.869,119,331.496
-131.869,119,313.999
-130.869,119,296.502
-129.869,119,279.005
-128.869,119,261.509
-127.869,119,244.012
-126.869,119,226.515
-125.869,119,209.018
-124.869,119,191.522
-123.869,119,174.025
-122.869,119,156.528
-121.869,119,139.031
-120.869,119,121.535
-119.869,119,104.038
-118.869,119,86.541
-117.869,119,69.044
-116.869,119,51.548
-115.869,119,64.166,90
-114.869,119,76.785
-113.869,119,89.404
-112.869,119,102.023
-111.869,119,114.642
-110.869,119,127.261
-109.869,119,139.88
-108.869,119,152.499
-107.869,119,165.117
-106.869,119,177.736
-105.869,119,190.355
-104.869,119,202.974
-103.869,119,215.593
-102.869,119,228.212
-101.869,119,240.831
-100.869,119,253.45
-99.869,119,266.068
-98.869,119,278.687
-97.869,119,291.306
-96.869,119,303.925
-95.869,119,316.544
-94.869,119,329.163
-93.869,119,341.782
-92.869,119,354.401
-91.869,119,367.02
-90.869,119,355.002
-89.869,119,342.984
-88.869,119,330.966
-87.869,119,318.948
-86.869,119,306.93
-85.869,119,294.912
-84.869,119,282.894
-83.869,119,270.876
-82.869,119,258.858
-81.869,119,246.84
-80.869,119,234.822
-79.869,119,222.804
-78.869,119,210.786
-77.869,119,198.768
-76.869,119,186.75
-75.869,119,174.732
-74.869,119,162.714
-73.869,119,150.696
-72.869,119,138.678
-71.869,119,126.66
-70.869,119,114.642
-70.305,119,132.088,90
-71.305,119,149.534
-72.305,119,166.98
-73.305,119,184.426
-74.305,119,201.872
-75.305,119,219.319
-76.305,119,236.765
-77.305,119,254.211
-78.305,119,271.657
-79.305,119,289.103
-80.305,119,306.549
-81.305,119,323.995
-82.305,119,341.441
-83.305,119,358.887
-84.305,119,376.333
-85.305,119,357.085
-86.305,119,337.836
-87.305,119,318.587
-88.305,119,299.338
-89.305,119,280.089
-90.305,119,260.841
-91.305,119,241.592
-92.305,119,222.343
-93.305,119,203.094
-94.305,119,183.845
-95.305,119,164.597
-96.305,119,145.348
-97.305,119,126.099
-98.305,119,106.85
-99.305,119,87.602,200
-99.642,118.121,105.326
-99.925,117.162,123.05
-100.214,116.205,140.775
-100.507,115.248,158.499
-100.803,114.293,176.224
-101.099,113.338,193.948
-101.395,112.383,211.673
-101.69,111.427,229.397
-101.982,110.471,247.122
-102.272,109.514,264.846
-102.558,108.556,282.57
-102.839,107.596,300.295
-103.115,106.635,318.019
-103.385,105.672,335.744
-103.648,104.707,353.468
-103.905,103.741,371.193
-104.153,102.772,388.917
-104.393,101.801,406.642
-104.624,100.828,424.366
-104.845,99.853,442.09
-105.056,98.876,459.815
-105.255,97.896,460.088
-105.442,96.913,460.361
-105.617,95.929,460.635
-105.778,94.942,460.908
-105.924,93.952,458.117
-106.055,92.961,450.653
-106.169,91.968,438.762
-106.265,90.972,430.341
-106.343,89.975,416.925
-106.4,88.977,407.435
-106.437,87.978,397.493
-106.451,86.978,381.719
-106.441,85.978,370.629
-106.405,84.979,353.154
-106.342,83.981,340.974
-106.251,82.985,321.992
-106.129,81.992,308.938
-105.976,81.004,288.932
-105.789,80.022,275.447
-105.566,79.047,255.287
-105.307,78.081,242.097
-105.009,77.127,223.096
-104.673,76.185,211.222
-104.295,75.259,195.098
-103.877,74.351,185.775
-103.416,73.464,174.44
-102.915,72.599,166.836
-102.371,71.759,164.095
-101.789,70.947,163.739
-101.166,70.164,166.078
-100.507,69.412,170.473
-99.812,68.693,180.777
-99.084,68.007,189.948
-98.326,67.356,206.736
-97.539,66.739,219.65
-96.726,66.156,233.676
-95.891,65.607,248.577
-95.034,65.092,264.118
-94.158,64.609,288.133
-93.266,64.158,304.313
-92.359,63.737,320.416
-91.439,63.346,336.285
-90.507,62.983,344.091
-89.565,62.647,359.373
-88.614,62.337,374.142
-87.656,62.05,388.325
-86.692,61.787,401.872
-85.721,61.547,408.396
-84.745,61.327,420.932
-83.766,61.127,426.941
-82.782,60.947,438.439
-81.795,60.784,443.93
-80.806,60.64,454.403
-79.814,60.51,459.389
-78.821,60.398,468.875
-77.825,60.3,473.38
-76.829,60.216,475.391
-75.831,60.146,475.665
-74.833,60.088,475.938
-73.834,60.043,476.211
-72.835,60.01,476.485
-71.835,59.988,476.758
-70.835,59.977,477.031
-69.835,59.976,477.304
-68.835,59.986,477.578
-67.835,60.005,477.851
-66.836,60.033,478.124
-65.836,60.07,478.397
-64.837,60.116,478.671
-63.839,60.169,478.944
-62.841,60.231,479.217
-61.843,60.3,479.491
-60.846,60.377,479.764,90
-59.849,60.451,480.037
-58.849,60.451,480.31
-57.849,60.451,480.584
-56.849,60.451,480.857
-55.849,60.451,481.13
-54.849,60.451,481.403
-53.849,60.451,481.677
-52.849,60.451,481.95
-51.849,60.451,482.223
-50.849,60.451,482.497
-49.849,60.451,482.77
-48.849,60.451,483.043
-47.849,60.451,483.316
-46.849,60.451,483.59
-45.849,60.451,483.863
-44.849,60.451,484.136
-43.849,60.451,484.409
-42.849,60.451,484.683
-41.849,60.451,484.956
-40.849,60.451,485.229
-39.849,60.451,485.502
-38.849,60.451,485.776
-37.849,60.451,486.049
-36.849,60.451,486.322
-35.849,60.451,486.596
-34.849,60.451,486.869
-33.849,60.451,487.142
-32.849,60.451,487.415
-31.849,60.451,487.689
-30.849,60.451,487.962
-29.849,60.451,488.235
-28.849,60.451,488.508
-27.849,60.451,488.782
-26.849,60.451,489.055
-25.849,60.451,489.328
-24.849,60.451,489.161
-23.849,60.451,488.993
-22.849,60.451,488.825
-21.849,60.451,488.658
-20.849,60.451,488.49
-19.849,60.451,488.322
-18.849,60.451,488.155
-17.849,60.451,487.987
-16.849,60.451,487.82
-15.849,60.451,487.652
-14.849,60.451,487.484
-13.849,60.451,487.317
-12.849,60.451,487.149
-11.849,60.451,486.981
-10.849,60.451,486.814
-9.849,60.451,486.646
-8.849,60.451,486.478
-7.849,60.451,486.311
-6.849,60.451,486.143
-5.849,60.451,485.975
-4.849,60.451,485.808
-3.849,60.451,485.64
-2.849,60.451,485.473
-1.849,60.451,485.305
-0.849,60.451,485.137
0.151,60.451,484.97
1.151,60.451,484.802
2.151,60.451,484.634
3.151,60.451,484.467
4.151,60.451,484.299
5.151,60.451,484.131
6.151,60.451,483.964
7.151,60.451,483.796
8.151,60.451,483.628
9.151,60.451,483.461
10.151,60.451,483.293
11.151,60.451,483.126
12.151,60.451,482.958
13.151,60.451,482.79
14.151,60.451,482.623
15.151,60.451,482.455
16.151,60.451,482.287
17.151,60.451,482.12
18.151,60.451,481.952
19.151,60.451,481.784
20.151,60.451,481.617
21.151,60.451,481.449
22.151,60.451,481.281
23.151,60.451,481.114
24.151,60.451,480.946
25.151,60.451,480.779
26.151,60.451,480.611
27.151,60.451,480.443
28.151,60.451,480.276
29.151,60.451,471.383
30.151,60.451,462.491
31.151,60.451,453.599
32.151,60.451,444.706
33.151,60.451,435.814
34.151,60.451,426.922
35.151,60.451,418.03
36.151,60.451,409.137
37.151,60.451,400.245
38.151,60.451,391.353
39.151,60.451,382.46
40.151,60.451,373.568
41.151,60.451,364.676
42.151,60.451,355.784
43.151,60.451,346.891
44.151,60.451,337.999
45.151,60.451,329.107
46.151,60.451,320.214
47.151,60.451,311.322
48.151,60.451,302.43
49.151,60.451,293.538
50.151,60.451,284.645
51.151,60.451,275.753
52.151,60.451,266.861
53.151,60.451,257.968
54.151,60.451,249.076
55.151,60.451,240.184
56.151,60.451,231.292
57.151,60.451,222.399
58.151,60.451,226.05
59.151,60.451,229.702,90
60.151,60.431,233.353
61.15,60.405,237.004
62.15,60.383,240.655
63.15,60.366,244.306
64.15,60.352,247.957
65.15,60.343,251.608
66.15,60.337,255.26
67.15,60.334,258.911
68.15,60.335,262.562
69.15,60.34,266.213
70.15,60.348,269.864
71.15,60.359,273.515
72.15,60.373,277.166
73.149,60.391,280.818
74.149,60.411,284.469
75.149,60.435,288.12
76.148,60.462,291.771
77.148,60.493,295.422
78.147,60.526,299.073
79.147,60.563,302.725
80.146,60.603,306.376
81.145,60.646,310.027
82.144,60.692,313.678
83.143,60.742,317.329
84.141,60.795,320.98
85.14,60.851,324.631
86.138,60.911,328.283
87.136,60.974,331.934
88.134,61.04,335.585
89.131,61.11,339.236
90.129,61.183,342.887
91.126,61.26,346.538
92.122,61.341,350.189
93.119,61.425,353.841
94.115,61.513,357.492
95.111,61.605,361.143
96.106,61.701,364.794
97.101,61.801,368.445
98.096,61.904,372.096
99.09,62.012,375.747
100.084,62.124,379.399
101.077,62.241,383.05
102.069,62.361,386.701
103.062,62.487,390.352
104.053,62.616,394.003
105.044,62.751,397.654
106.034,62.891,401.305
107.024,63.035,404.957
108.013,63.184,408.608
109.001,63.339,412.259
109.988,63.499,415.91
110.974,63.665,419.561
111.959,63.836,423.212
112.943,64.013,426.863
113.926,64.196,430.515
114.908,64.385,434.166
115.889,64.582,437.817
116.868,64.784,441.468
117.846,64.993,445.119
118.822,65.21,448.77
119.797,65.434,452.421
120.77,65.666,456.073
121.741,65.905,459.724
122.709,66.153,463.375
123.676,66.409,467.026
124.64,66.674,470.677
125.602,66.949,474.328
126.56,67.234,477.979
127.516,67.528,481.631
128.468,67.834,485.282
129.417,68.149,488.933
130.361,68.478,480.981
131.302,68.818,476.387
132.237,69.171,466.459
133.168,69.538,461.098
134.092,69.919,449.506
135.011,70.315,443.243
135.922,70.726,429.698
136.825,71.155,422.381
137.72,71.601,406.565
138.606,72.066,398.028
139.48,72.551,379.607
140.343,73.057,359.271
141.192,73.584,348.344
142.026,74.137,324.91
142.843,74.713,299.316
143.64,75.316,271.56
144.416,75.947,256.896
145.167,76.607,226.112
145.89,77.298,193.658
146.581,78.021,160.026
147.236,78.776,125.934
147.851,79.564,92.339
148.422,80.385,60.437
148.942,81.239,31.618
149.408,82.124,7.375
149.815,83.037,1
150.158,83.976,1
150.436,84.936,1
150.647,85.913,1
150.789,86.903,1
150.864,87.9,17.286
150.873,88.9,45.39
150.819,89.898,78.332
150.708,90.892,114.492
150.541,91.877,152.318
150.326,92.854,190.442
150.06,93.818,209.26
149.754,94.77,245.846
149.41,95.708,263.444
149.028,96.633,296.938
148.617,97.544,312.753
148.175,98.441,342.405
147.707,99.325,356.225
147.215,100.195,381.868
146.699,101.052,393.714
146.165,101.897,404.93
145.612,102.73,415.539
145.041,103.551,435.022
144.454,104.361,443.946
143.853,105.16,452.358
143.238,105.949,460.284
142.611,106.728,467.749
141.973,107.498,471.578
141.324,108.258,471.134
140.664,109.01,450.382
139.995,109.753,429.631
139.317,110.488,408.88
138.63,111.215,388.128
137.936,111.935,367.377
137.234,112.647,346.625
136.526,113.353,325.874
135.811,114.052,305.122
135.089,114.744,284.371
134.363,115.431,263.619
133.63,116.112,242.868
132.892,116.786,222.117
132.148,117.455,222.38
131.4,118.118,222.643
130.647,118.777,222.906,270
129.857,119.338,223.169
128.857,119.338,223.433
127.857,119.338,223.696
126.857,119.338,223.959
125.857,119.338,224.222
124.857,119.338,224.486
123.857,119.338,224.749
122.857,119.338,225.012
121.857,119.338,225.275
120.857,119.338,225.539
119.857,119.338,225.802
118.857,119.338,226.065
117.857,119.338,226.328
116.857,119.338,226.591
115.857,119.338,226.855
114.857,119.338,227.118
113.857,119.338,227.381
112.857,119.338,227.644
111.857,119.338,227.908
110.857,119.338,228.171
109.857,119.338,228.434
108.857,119.338,228.697
107.857,119.338,228.961
106.857,119.338,229.224
105.857,119.338,229.487
104.857,119.338,229.75
103.857,119.338,230.013
102.857,119.338,230.277
101.857,119.338,230.54
100.857,119.338,230.803
99.857,119.338,231.066
98.857,119.338,231.33
97.857,119.338,231.593
96.857,119.338,231.856
95.857,119.338,232.119
94.857,119.338,232.383
93.857,119.338,232.646
92.857,119.338,232.909
91.857,119.338,233.172
90.857,119.338,233.436
89.857,119.338,233.699
88.857,119.338,233.962
87.857,119.338,234.225
86.857,119.338,234.488
85.857,119.338,234.752
84.857,119.338,235.015
83.857,119.338,235.278
82.857,119.338,235.541
81.857,119.338,235.805
80.857,119.338,236.068
79.857,119.338,236.331
78.857,119.338,236.594
77.857,119.338,236.858
76.857,119.338,237.121
75.857,119.338,237.384
74.857,119.338,237.647
73.857,119.338,237.91
72.857,119.338,238.174
71.857,119.338,238.437
71.219,119.338,238.7,270
72.219,119.338,238.963
73.219,119.338,239.227
74.219,119.338,239.49
75.219,119.338,239.753
76.219,119.338,240.016
77.219,119.338,240.28
78.219,119.338,240.543
79.219,119.338,240.806
80.219,119.338,241.069
81.219,119.338,241.332
82.219,119.338,241.596
83.219,119.338,241.859
84.219,119.338,242.122
85.219,119.338,242.385
86.219,119.338,242.649
87.219,119.338,242.912
88.219,119.338,243.175
89.219,119.338,243.438
90.219,119.338,243.702
91.219,119.338,243.965
92.219,119.338,244.228
93.219,119.338,244.491,90
94.219,119.338,244.754
95.219,119.338,247.193
96.219,119.338,249.632
97.219,119.338,252.07
98.219,119.338,254.509
99.219,119.338,256.947
100.219,119.338,259.386
101.219,119.338,261.824
102.219,119.338,264.263
103.219,119.338,266.701
104.219,119.338,269.14
105.219,119.338,271.578
106.219,119.338,274.017
107.219,119.338,276.455
108.219,119.338,278.894
109.219,119.338,281.333
110.219,119.338,283.771
111.219,119.338,286.21
112.219,119.338,288.648
113.219,119.338,291.087
114.219,119.338,293.525
115.219,119.338,295.964
116.219,119.338,298.402
117.219,119.338,300.841
118.219,119.338,303.279
119.219,119.338,294.119
120.219,119.338,284.959
121.219,119.338,275.799
122.219,119.338,266.639
123.219,119.338,257.479
124.219,119.338,248.319
125.219,119.338,239.159
126.219,119.338,230
127.219,119.338,220.84
128.219,119.338,211.68
129.219,119.338,202.52
130.219,119.338,193.36
131.219,119.338,184.2
132.219,119.338,175.04
133.219,119.338,165.88
134.219,119.338,156.72
135.219,119.338,147.56
136.219,119.338,138.4
137.219,119.338,129.24
138.219,119.338,120.08
139.219,119.338,110.92
140.219,119.338,101.76
141.219,119.338,92.6
142.219,119.338,83.44
143.219,119.338,74.28
144.219,119.338,65.12
145.219,119.338,55.96
146.219,119.338,46.8
147.219,119.338,37.64
148.219,119.338,28.48
149.219,119.338,19.32
150.219,119.338,10.16
151.219,119.338,1
152.219,119.338,25.763
153.219,119.338,50.525
154.219,119.338,75.288
155.219,119.338,100.051,90
154.337,119.338,124.813
153.337,119.338,149.576
152.337,119.338,174.339
151.337,119.338,199.101
150.337,119.338,223.864
149.337,119.338,248.626
148.337,119.338,273.389
147.337,119.338,239.34
146.337,119.338,205.292
145.337,119.338,171.243
144.337,119.338,137.195
143.337,119.338,103.146
142.337,119.338,69.097
141.337,119.338,35.049
140.337,119.338,1
139.874,118.687,5.788,190
139.684,117.705,10.575
139.493,116.723,15.363
139.305,115.741,20.151
139.116,114.759,24.939
138.927,113.777,29.726
138.74,112.795,34.514
138.552,111.813,39.302
138.365,110.83,44.09
138.179,109.848,48.877
137.993,108.865,53.665
137.808,107.883,58.453
137.623,106.9,63.24
137.438,105.917,68.028
137.255,104.934,72.816
137.071,103.951,77.604
136.888,102.968,82.391
136.706,101.985,87.179
136.524,101.001,91.967
136.343,100.018,96.755
136.162,99.034,101.542
135.981,98.051,106.33
135.801,97.067,111.118
135.622,96.083,115.905
135.443,95.1,120.693
135.265,94.116,125.481
135.087,93.131,130.269
134.909,92.147,135.056
134.732,91.163,139.844
134.556,90.179,144.632
134.38,89.194,149.42
134.205,88.21,154.207
134.03,87.225,158.995
133.855,86.241,163.783
133.681,85.256,168.57
133.508,84.271,173.358
133.335,83.286,178.146
133.163,82.301,182.934
132.99,81.316,187.721
132.819,80.331,192.509
132.648,79.346,197.297
132.478,78.36,202.085
132.308,77.375,206.872
132.138,76.389,211.66
131.969,75.404,216.448
131.801,74.418,221.235
131.633,73.432,226.023
131.465,72.446,230.811
131.298,71.46,235.599
131.132,70.474,240.386
130.966,69.488,245.174
130.8,68.502,249.962
130.635,67.516,254.75
130.47,66.529,259.537
130.306,65.543,264.325
130.143,64.556,269.113
129.979,63.57,273.9
129.817,62.583,278.688
129.654,61.596,283.476
129.493,60.609,288.264
129.331,59.623,293.051
129.17,58.636,297.839
129.01,57.649,302.627
128.85,56.661,307.415
128.69,55.674,312.202
128.531,54.687,316.99
128.373,53.7,321.778
128.215,52.712,326.565
128.057,51.725,331.353
127.9,50.737,336.141
127.743,49.75,340.929
127.586,48.762,345.716
127.43,47.774,350.504
127.274,46.786,355.292
127.119,45.798,360.08
126.964,44.811,364.867
126.81,43.823,369.655
126.656,42.835,374.443
126.502,41.846,379.23
126.348,40.858,384.018
126.196,39.87,388.806
126.043,38.882,393.594
125.891,37.893,398.381
125.739,36.905,403.169
125.587,35.917,407.957
125.436,34.928,412.745
125.285,33.94,417.532
125.134,32.951,422.32
124.983,31.962,427.108
124.833,30.974,431.895
124.683,29.985,436.683
124.534,28.996,441.471
124.384,28.007,446.259
124.235,27.019,451.046
124.086,26.03,455.834
123.937,25.041,460.622
123.789,24.052,465.41
123.64,23.063,470.197
123.492,22.074,474.985
123.344,21.085,479.773
123.196,20.096,484.56
123.048,19.107,489.348
122.9,18.118,494.136
122.752,17.129,498.924
122.604,16.14,503.711
122.456,15.151,508.499
122.308,14.162,513.287
122.16,13.173,518.075
122.012,12.184,522.862
121.864,11.195,527.65
121.716,10.206,532.438
121.567,9.218,527.562
121.418,8.229,522.687
121.269,7.24,517.811
121.12,6.251,512.935
120.97,5.262,508.06
120.82,4.274,503.184
120.67,3.285,498.309
120.519,2.296,493.433
120.368,1.308,488.558
120.216,0.32,483.682
120.063,-0.669,478.806
119.91,-1.657,473.931
119.756,-2.645,469.055
119.601,-3.633,464.18
119.446,-4.621,459.304
119.289,-5.609,454.428
119.132,-6.596,449.553
118.973,-7.583,444.677
118.813,-8.57,439.802
118.652,-9.557,434.926
118.49,-10.544,430.051
118.326,-11.531,425.175
118.16,-12.517,420.299
117.993,-13.503,415.424
117.824,-14.488,410.548
117.653,-15.474,405.673
117.48,-16.459,400.797
117.305,-17.443,395.922
117.127,-18.427,391.046
116.947,-19.411,386.17
116.764,-20.394,381.295
116.578,-21.377,376.419
116.389,-22.359,371.544
116.197,-23.34,366.668
116.001,-24.32,361.793
115.801,-25.3,356.917
115.598,-26.279,352.041
115.389,-27.257,347.166
115.176,-28.234,342.29
114.958,-29.21,337.415
114.735,-30.185,332.539
114.506,-31.159,327.664
114.271,-32.131,322.788
114.028,-33.101,317.912
113.779,-34.069,313.037
113.522,-35.035,308.161
113.257,-36,303.286
112.982,-36.961,298.41
112.698,-37.92,293.535
112.404,-38.876,288.659
112.098,-39.828,283.783
111.78,-40.776,278.908
111.45,-41.72,274.032
111.105,-42.658,269.157
110.746,-43.592,264.281
110.368,-44.518,259.405
109.975,-45.437,254.53
109.561,-46.347,249.654
109.128,-47.249,244.779
108.673,-48.139,239.903
108.193,-49.017,235.028
107.689,-49.88,230.152
107.158,-50.727,225.276
106.6,-51.557,220.401
106.012,-52.366,215.525
105.393,-53.151,210.65
104.742,-53.91,205.774
104.059,-54.641,200.899
103.345,-55.34,196.023
102.598,-56.006,191.147
101.821,-56.635,186.272
101.015,-57.226,181.396
100.181,-57.777,176.521
99.322,-58.289,171.645
98.44,-58.761,166.77
97.538,-59.193,161.894
96.619,-59.586,157.018
95.684,-59.942,152.143
94.737,-60.262,147.267
93.779,-60.549,142.392
92.812,-60.803,137.516
91.838,-61.027,132.641
90.857,-61.225,127.765
89.872,-61.398,122.889
88.884,-61.546,118.014
87.892,-61.673,113.138
86.898,-61.782,108.263
85.902,-61.871,103.387
84.904,-61.944,98.512
83.906,-62.001,93.636
82.907,-62.045,88.76
81.907,-62.075,83.885
80.908,-62.095,79.009
79.908,-62.103,74.134
78.908,-62.102,69.258
77.908,-62.091,64.382
76.908,-62.072,59.507
75.908,-62.046,54.631
74.909,-62.013,49.756
73.91,-61.973,44.88
72.911,-61.927,40.005
71.912,-61.876,35.129
70.913,-61.821,30.253
69.915,-61.76,25.378
68.917,-61.696,20.502
67.92,-61.628,15.627
66.922,-61.556,10.751
65.925,-61.481,5.876
64.928,-61.403,1
63.931,-61.323,12.467
62.935,-61.24,23.934
61.938,-61.155,35.401,270
60.94,-61.117,46.869
59.94,-61.117,58.336
58.94,-61.117,69.803
57.94,-61.117,81.27
56.94,-61.117,92.737
55.94,-61.117,104.204
54.94,-61.117,115.672
53.94,-61.117,127.139
52.94,-61.117,138.606
51.94,-61.117,150.073
50.94,-61.117,161.54
49.94,-61.117,173.007
48.94,-61.117,184.475
47.94,-61.117,195.942
46.94,-61.117,207.409
45.94,-61.117,218.876
44.94,-61.117,230.343
43.94,-61.117,241.81
42.94,-61.117,253.277
41.94,-61.117,264.745
40.94,-61.117,276.212
39.94,-61.117,287.679
38.94,-61.117,299.146
37.94,-61.117,310.613
36.94,-61.117,322.08
35.94,-61.117,333.548
34.94,-61.117,345.015
33.94,-61.117,356.482
32.94,-61.117,367.949
31.94,-61.117,379.416
30.94,-61.117,390.883
29.94,-61.117,402.351
28.94,-61.117,413.818
27.94,-61.117,425.285
26.94,-61.117,436.752
25.94,-61.117,448.219
24.94,-61.117,459.686
23.94,-61.117,471.154
22.94,-61.117,482.621
21.94,-61.117,478.838
20.94,-61.117,475.056
19.94,-61.117,471.274
18.94,-61.117,467.492
17.94,-61.117,463.71
16.94,-61.117,459.928
15.94,-61.117,456.146
14.94,-61.117,452.363
13.94,-61.117,448.581
12.94,-61.117,444.799
11.94,-61.117,441.017
10.94,-61.117,437.235
9.94,-61.117,433.453
8.94,-61.117,429.67
7.94,-61.117,425.888
6.94,-61.117,422.106
5.94,-61.117,418.324
4.94,-61.117,414.542
3.94,-61.117,410.76
2.94,-61.117,406.977
1.94,-61.117,403.195
0.94,-61.117,399.413
-0.06,-61.117,395.631
-1.06,-61.117,391.849
-2.06,-61.117,388.067
-3.06,-61.117,384.284
-4.06,-61.117,380.502
-5.06,-61.117,376.72
-6.06,-61.117,372.938
-7.06,-61.117,369.156
-8.06,-61.117,365.374
-9.06,-61.117,361.591
-10.06,-61.117,357.809
-11.06,-61.117,354.027
-12.06,-61.117,350.245
-13.06,-61.117,346.463
-14.06,-61.117,342.681
-15.06,-61.117,338.898
-16.06,-61.117,335.116
-17.06,-61.117,331.334
-18.06,-61.117,327.552
-19.06,-61.117,323.77
-20.06,-61.117,319.988
-21.06,-61.117,316.205
-22.06,-61.117,312.423
-23.06,-61.117,308.641
-24.06,-61.117,304.859
-25.06,-61.117,301.077
-26.06,-61.117,297.295
-27.06,-61.117,293.513
-28.06,-61.117,289.73
-29.06,-61.117,285.948
-30.06,-61.117,282.166
-31.06,-61.117,278.384
-32.06,-61.117,274.602
-33.06,-61.117,270.82
-34.06,-61.117,267.037
-35.06,-61.117,263.255
-36.06,-61.117,259.473
-37.06,-61.117,255.691
-38.06,-61.117,251.909
-39.06,-61.117,248.127
-40.06,-61.117,244.344
-41.06,-61.117,240.562
-42.06,-61.117,236.78
-43.06,-61.117,232.998
-44.06,-61.117,229.216
-45.06,-61.117,225.434
-46.06,-61.117,221.651
-47.06,-61.117,217.869
-48.06,-61.117,214.087
-49.06,-61.117,210.305
-50.06,-61.117,206.523
-51.06,-61.117,202.741
-52.06,-61.117,198.958
-53.06,-61.117,195.176
-54.06,-61.117,191.394
-55.06,-61.117,187.612
-56.06,-61.117,183.83
-57.06,-61.117,180.048
-58.06,-61.117,176.265
-59.06,-61.117,172.483
-60.06,-61.117,168.673
-61.06,-61.117,164.862,270
-60.445,-60.433,161.051
-59.749,-59.714,157.24
-59.054,-58.996,153.43
-58.358,-58.277,149.619
-57.662,-57.559,145.808
-56.967,-56.84,141.997
-56.271,-56.122,138.187
-55.576,-55.404,134.376
-54.88,-54.685,130.565
-54.184,-53.967,126.754
-53.489,-53.248,122.944
-52.793,-52.53,119.133
-52.098,-51.811,115.322
-51.402,-51.093,111.511
-50.706,-50.374,107.701
-50.011,-49.656,103.89
-49.315,-48.938,100.079
-48.62,-48.219,96.269
-47.924,-47.501,92.458
-47.228,-46.782,88.647
-46.533,-46.064,84.836
-45.837,-45.345,81.026
-45.142,-44.627,77.215
-44.446,-43.909,73.404
-43.75,-43.19,69.593
-43.055,-42.472,65.783
-42.359,-41.753,61.972
-41.664,-41.035,58.161
-40.968,-40.316,54.35
-40.272,-39.598,50.54
-39.577,-38.88,46.729
-38.881,-38.161,42.918
-38.186,-37.443,39.107
-37.49,-36.724,35.297
-36.794,-36.006,31.486
-36.099,-35.287,27.675
-35.403,-34.569,23.864
-34.708,-33.851,20.054
-34.012,-33.132,16.243
-33.316,-32.414,12.432
-32.621,-31.695,8.621
-31.925,-30.977,4.811
-31.23,-30.258,1
-30.534,-29.54,16.291
-29.838,-28.822,31.582
-29.143,-28.103,46.873
-28.447,-27.385,62.165
-27.835,-26.751,77.456,45
-28.54,-27.459,92.747
-29.246,-28.168,108.038
-29.952,-28.876,123.329
-30.658,-29.585,138.62
-31.363,-30.293,153.912
-32.069,-31.002,169.203
-32.775,-31.71,184.494
-33.481,-32.419,173.025
-34.186,-33.127,161.557
-34.892,-33.836,150.089
-35.598,-34.544,138.62
-36.303,-35.253,127.152
-37.009,-35.961,115.684
-37.715,-36.67,104.215
-38.421,-37.378,92.747
-39.126,-38.087,81.279
-39.832,-38.795,69.81
-40.538,-39.504,58.342
-41.244,-40.212,46.873
-41.949,-40.921,35.405
-42.655,-41.629,23.937
-43.361,-42.337,12.468
-44.066,-43.046,1
-44.772,-43.754,5.847
-45.478,-44.463,10.693
-45.948,-45.188,15.54,140
-45.346,-45.987,20.387
-44.736,-46.779,25.233
-44.118,-47.565,30.08
-43.491,-48.344,34.927
-42.855,-49.116,39.773
-42.209,-49.879,44.62
-41.555,-50.636,49.467
-40.892,-51.384,54.313
-40.22,-52.125,59.16
-39.54,-52.858,64.007
-38.849,-53.581,68.853
-38.149,-54.295,73.7
-37.441,-55.001,78.546
-36.724,-55.698,83.393
-35.996,-56.384,88.24
-35.26,-57.06,93.086
-34.515,-57.727,97.933
-33.759,-58.383,102.78
-32.995,-59.028,107.626
-32.222,-59.662,112.473
-31.439,-60.284,117.32
-30.647,-60.894,122.166
-29.846,-61.493,127.013
-29.035,-62.078,131.86
-28.216,-62.652,136.706
-27.387,-63.211,141.553
-26.549,-63.757,146.4
-25.703,-64.29,151.246
-24.847,-64.807,156.093
-23.983,-65.31,160.94
-23.11,-65.798,165.786
-22.229,-66.27,170.633
-21.339,-66.726,175.48
-20.441,-67.166,180.326
-19.534,-67.589,185.173
-18.62,-67.994,190.02
-17.699,-68.382,194.866
-16.769,-68.751,199.713
-15.833,-69.103,204.559
-14.89,-69.434,209.406
-13.94,-69.747,214.253
-12.984,-70.04,219.099
-12.021,-70.31,223.946
-11.053,-70.561,228.793
-10.08,-70.791,233.639
-9.101,-70.998,238.486
-8.119,-71.182,243.333
-7.132,-71.344,248.179
-6.142,-71.483,253.026
-5.148,-71.597,257.873
-4.152,-71.687,262.719
-3.154,-71.753,267.566
-2.155,-71.793,272.413
-1.155,-71.808,277.259
-0.156,-71.796,282.106
0.844,-71.758,286.953
1.841,-71.692,291.799
2.837,-71.599,296.646
3.83,-71.479,301.493
4.819,-71.33,306.339
5.803,-71.153,311.186
6.781,-70.947,305.442
7.753,-70.713,299.698
8.718,-70.449,293.953
9.674,-70.155,288.209
10.62,-69.832,282.465
11.556,-69.479,276.721
12.479,-69.097,270.977
13.39,-68.684,265.232
14.287,-68.242,259.488
15.169,-67.77,253.744
16.034,-67.27,248
16.882,-66.739,242.256
17.712,-66.181,236.511
18.521,-65.593,230.767
19.309,-64.978,225.023
20.075,-64.336,219.279
20.818,-63.666,213.535
21.536,-62.97,207.791
22.229,-62.25,202.046
22.896,-61.505,196.302
23.536,-60.736,190.558
24.148,-59.946,184.814
24.732,-59.133,179.07
25.286,-58.301,173.325
25.81,-57.45,167.581
26.304,-56.58,161.837
26.767,-55.694,156.093
27.199,-54.792,150.349
27.6,-53.876,144.605
27.97,-52.947,138.86
28.309,-52.006,133.116
28.616,-51.055,127.372
28.893,-50.094,121.628
29.138,-49.125,115.884
29.354,-48.148,110.139
29.54,-47.166,104.395
29.696,-46.178,98.651
29.824,-45.186,92.907
29.922,-44.191,87.163
29.992,-43.194,81.419
30.036,-42.195,75.674
30.053,-41.195,69.93
30.043,-40.195,64.186
30.009,-39.195,58.442
29.95,-38.197,52.698
29.867,-37.201,46.953
29.76,-36.206,41.209
29.632,-35.215,35.465
29.48,-34.226,29.721
29.308,-33.241,23.977
29.115,-32.26,18.233
28.902,-31.283,12.488
28.67,-30.31,6.744
28.42,-29.342,1
28.15,-28.379,9.562
27.864,-27.421,18.124
27.56,-26.468,26.686,307
27.962,-26.607,35.249
28.709,-27.271,43.811
29.457,-27.936,52.373
30.204,-28.601,60.935
30.951,-29.265,69.497
31.698,-29.93,78.059
32.445,-30.595,86.621
33.192,-31.26,95.183
33.939,-31.924,103.746
34.686,-32.589,112.308
35.433,-33.254,120.87
36.18,-33.919,129.432
36.927,-34.583,137.994
37.675,-35.248,146.556
38.422,-35.913,155.118
39.169,-36.577,163.68
39.916,-37.242,172.243
40.663,-37.907,180.805
41.41,-38.572,189.367
42.157,-39.236,197.929
42.904,-39.901,206.491
43.651,-40.566,215.053
44.398,-41.231,223.615
45.145,-41.895,232.177
45.892,-42.56,240.74
46.64,-43.225,249.302
47.387,-43.889,257.864
48.134,-44.554,266.426
48.881,-45.219,274.988
49.628,-45.884,274.988
50.375,-46.548,274.988
51.122,-47.213,274.988
51.869,-47.878,274.988
52.616,-48.543,274.988
53.363,-49.207,274.988
54.11,-49.872,274.988
54.857,-50.537,274.988
55.605,-51.201,274.988
56.352,-51.866,274.988
57.099,-52.531,274.988
57.846,-53.196,274.988
58.593,-53.86,274.988
59.34,-54.525,274.988
60.087,-55.19,274.988
60.834,-55.855,274.988
61.581,-56.519,274.988
62.328,-57.184,274.988
63.075,-57.849,274.988
63.822,-58.513,274.988
64.57,-59.178,274.988
65.317,-59.843,274.988
66.064,-60.508,274.988
66.811,-61.172,274.988
67.558,-61.837,274.988
68.305,-62.502,274.988
69.052,-63.167,274.988
69.799,-63.831,274.988
70.546,-64.496,274.988
71.293,-65.161,274.988
72.04,-65.825,274.988
72.788,-66.49,274.988
73.535,-67.155,274.988
74.282,-67.82,274.988
75.029,-68.484,274.988
75.776,-69.149,274.988
76.523,-69.814,274.988
77.27,-70.479,274.988
78.017,-71.143,274.988
78.764,-71.808,274.988
79.511,-72.473,274.988
80.258,-73.137,274.988
81.005,-73.802,274.988
81.753,-74.467,274.988
82.5,-75.132,274.988
83.247,-75.796,274.988
83.994,-76.461,274.988
84.741,-77.126,274.988
85.488,-77.791,274.988
86.235,-78.455,274.988
86.982,-79.12,274.988
87.729,-79.785,274.988
88.476,-80.45,274.988
89.223,-81.114,274.988
89.97,-81.779,274.988
90.718,-82.444,274.988
91.465,-83.108,274.988
92.212,-83.773,274.988
92.959,-84.438,274.988
93.706,-85.103,274.988
94.453,-85.767,270.463
95.2,-86.432,265.939
95.947,-87.097,261.414
96.694,-87.762,256.889
97.441,-88.426,252.365
98.188,-89.091,247.84
98.935,-89.756,243.315
99.683,-90.42,238.79
100.43,-91.085,234.266
101.177,-91.75,229.741
101.924,-92.415,225.216
102.671,-93.079,220.692
103.418,-93.744,216.167
104.165,-94.409,211.642
104.912,-95.074,207.117
105.659,-95.738,202.593
106.406,-96.403,198.068
107.153,-97.068,193.543
107.901,-97.732,189.019
108.648,-98.397,184.494
109.395,-99.062,179.969
110.142,-99.727,175.444
110.889,-100.391,170.92
111.636,-101.056,166.395
112.383,-101.721,161.87
113.13,-102.386,157.346
113.877,-103.05,152.821
114.624,-103.715,148.296
115.371,-104.38,143.771
116.118,-105.044,139.247
116.866,-105.709,134.722
117.613,-106.374,130.197
118.36,-107.039,122.597
119.107,-107.703,114.998
119.854,-108.368,107.398
120.601,-109.033,99.798
121.348,-109.698,92.198
122.095,-110.362,84.598
122.842,-111.027,76.998
123.589,-111.692,69.399
124.336,-112.356,61.799
125.083,-113.021,54.199
125.831,-113.686,46.599
126.578,-114.351,38.999
127.325,-115.015,31.399
128.072,-115.68,23.8
128.819,-116.345,16.2
129.566,-117.01,8.6
130.313,-117.674,1
131.06,-118.339,8.466
131.809,-119,15.933,90
132.809,-119,23.399
133.809,-119,30.866
134.809,-119,38.332
135.809,-119,45.798
136.809,-119,53.265
137.809,-119,60.731
138.809,-119,68.198
139.809,-119,75.664
140.809,-119,83.13
141.809,-119,90.597
142.809,-119,98.063
143.809,-119,105.53
144.809,-119,112.996
145.809,-119,120.462
146.809,-119,127.929
147.809,-119,135.395
148.809,-119,142.862
149.809,-119,150.328
150.809,-119,157.794
151.809,-119,165.261
152.809,-119,172.727
153.809,-119,180.193
154.809,-119,187.66
155.809,-119,195.126
156.809,-119,202.593
157.809,-119,202.809
157.937,-119,203.026,90
156.937,-119,203.242
155.937,-119,203.459
154.937,-119,203.675
153.937,-119,203.891
152.937,-119,204.108
151.937,-119,204.324
150.937,-119,204.541
149.937,-119,204.757
148.937,-119,204.974
147.937,-119,205.19
146.937,-119,205.407
145.937,-119,205.623
144.937,-119,205.84
143.937,-119,206.056
142.937,-119,206.273
141.937,-119,206.489
140.937,-119,206.705
139.937,-119,206.922
138.937,-119,207.138
137.937,-119,207.355
136.937,-119,207.571
135.937,-119,207.788
134.937,-119,208.004
133.937,-119,208.221
132.937,-119,208.437
131.937,-119,203.266
131.224,-119.643,198.095,220.00000178813934
130.548,-120.381,192.924
129.865,-121.111,187.753
129.176,-121.836,182.582
128.48,-122.553,177.41
127.776,-123.264,172.239
127.066,-123.968,167.068
126.349,-124.665,161.897
125.626,-125.356,156.726
124.895,-126.039,151.555
124.158,-126.714,146.384
123.415,-127.383,141.213
122.664,-128.043,136.042
121.906,-128.696,130.871
121.142,-129.341,125.699
120.371,-129.978,120.528
119.594,-130.607,115.357
118.81,-131.228,110.186
118.02,-131.841,105.015
117.223,-132.445,99.844
116.42,-133.041,100.741
115.61,-133.628,101.638
114.794,-134.206,102.536
113.973,-134.776,103.433
113.145,-135.337,104.33
112.31,-135.888,105.228
111.47,-136.43,106.125
110.624,-136.963,107.022
109.772,-137.487,107.919
108.914,-138.001,108.817
108.051,-138.505,109.714
107.181,-139,110.611
106.307,-139.485,111.508
105.427,-139.96,112.406
104.542,-140.425,113.303
103.651,-140.88,114.2
102.756,-141.324,115.097
101.855,-141.759,115.995
100.95,-142.184,116.892
100.039,-142.597,117.789
99.124,-143,118.686
98.204,-143.393,119.584
97.28,-143.775,120.481
96.352,-144.146,121.378
95.419,-144.507,122.275
94.482,-144.857,123.173
93.541,-145.196,124.07
92.597,-145.523,124.967
91.648,-145.84,125.865
90.696,-146.146,126.762
89.74,-146.44,127.659
88.781,-146.724,128.556
87.819,-146.996,129.454
86.854,-147.257,130.351
85.885,-147.506,131.248
84.914,-147.745,132.145
83.94,-147.972,133.043
82.964,-148.187,133.94
81.985,-148.392,134.837
81.004,-148.585,135.734
80.02,-148.765,136.632
79.035,-148.935,137.529
78.048,-149.094,138.426
77.058,-149.24,139.323
76.068,-149.375,140.221
75.075,-149.5,141.118
74.081,-149.611,142.015
73.087,-149.712,142.913
72.091,-149.801,143.81
71.094,-149.878,144.707
70.096,-149.944,145.604
69.097,-149.999,146.502
68.098,-150.041,147.399
67.099,-150.073,148.296
66.099,-150.092,147.8
65.099,-150.1,147.304
64.099,-150.097,146.809
63.099,-150.082,146.313
62.099,-150.056,145.817
61.1,-150.018,145.321
60.101,-149.969,144.825
59.103,-149.908,144.329
58.106,-149.836,143.833
57.109,-149.752,143.338
56.114,-149.657,142.842
55.12,-149.551,142.346
54.127,-149.433,141.85
53.135,-149.305,141.354
52.145,-149.164,140.858
51.156,-149.012,140.362
50.17,-148.85,139.866
49.185,-148.675,139.371
48.202,-148.49,138.875
47.222,-148.293,138.379
46.244,-148.085,137.883
45.268,-147.867,137.387
44.295,-147.636,136.891
43.324,-147.395,136.395
42.357,-147.143,135.9
41.392,-146.88,135.404
40.43,-146.606,134.908
39.472,-146.32,134.412
38.517,-146.024,133.916
37.565,-145.716,133.42
36.617,-145.398,132.924
35.673,-145.069,132.429
34.733,-144.728,131.933
33.796,-144.378,131.437
32.864,-144.015,130.941
31.936,-143.643,130.445
31.013,-143.259,129.949
30.094,-142.865,129.453
29.18,-142.459,128.958
28.27,-142.043,128.462
27.366,-141.617,127.966
26.467,-141.179,127.47
25.573,-140.731,126.974
24.684,-140.272,126.478
23.801,-139.803,125.982
22.924,-139.323,125.487
22.053,-138.832,124.991
21.187,-138.331,124.495
20.329,-137.819,123.999
19.476,-137.297,123.503
18.63,-136.763,123.007
17.79,-136.22,122.511
16.958,-135.666,122.016
16.132,-135.102,121.52
15.314,-134.527,121.024
14.503,-133.942,120.528
13.7,-133.346,120.032
12.904,-132.74,119.536
12.117,-132.123,119.04
11.338,-131.497,118.545
10.567,-130.86,118.049
9.804,-130.213,117.553
9.051,-129.555,117.057
8.306,-128.888,116.561
7.571,-128.21,116.065
6.845,-127.523,115.569
6.129,-126.825,115.074
5.422,-126.118,114.578
4.725,-125.4,114.082
4.039,-124.673,113.586
3.363,-123.936,113.09
2.698,-123.189,112.594
2.044,-122.432,112.098
1.401,-121.667,113.266
0.77,-120.891,114.434
0.14,-120.116,115.601,315
-0.613,-119.457,116.769
-1.365,-118.798,117.937
-2.117,-118.14,119.104
-2.87,-117.481,120.272
-3.623,-116.823,121.44
-4.376,-116.165,122.607
-5.129,-115.507,123.775
-5.883,-114.85,124.943
-6.637,-114.194,126.11
-7.392,-113.538,127.278
-8.148,-112.883,128.446
-8.905,-112.23,129.613
-9.663,-111.578,130.781
-10.423,-110.927,131.949
-11.184,-110.279,133.116
-11.947,-109.632,134.284
-12.713,-108.989,135.452
-13.481,-108.349,136.619
-14.252,-107.712,137.787
-15.027,-107.08,138.955
-15.806,-106.454,140.122
-16.59,-105.833,141.29
-17.38,-105.22,142.458
-18.177,-104.615,143.625
-18.981,-104.021,144.793
-19.794,-103.439,145.961
-20.617,-102.871,147.128
-21.452,-102.32,148.296
-22.299,-101.789,149.464
-23.161,-101.282,150.631
-24.039,-100.803,151.799
-24.933,-100.356,152.967
-25.845,-99.945,154.134
-26.773,-99.574,155.302
-27.718,-99.246,156.47
-28.677,-98.962,157.637
-29.648,-98.723,158.805
-30.628,-98.526,159.973
-31.615,-98.369,161.14
-32.608,-98.246,162.308
-33.603,-98.152,163.476
-34.601,-98.084,164.643
-35.6,-98.036,165.811
-36.599,-98.005,166.979
-37.599,-97.986,168.146
-38.599,-97.978,169.314
-39.599,-97.976,170.482
-40.599,-97.98,171.649
-41.599,-97.988,172.817
-42.599,-97.998,173.985
-43.599,-98.009,175.152
-44.599,-98.02,176.32
-45.599,-98.031,177.488
-46.599,-98.04,178.655
-47.599,-98.048,179.823
-48.599,-98.054,180.991
-49.599,-98.058,182.158
-50.599,-98.059,183.326
-51.599,-98.058,184.494
-52.599,-98.054,185.661
-53.599,-98.047,186.829
-54.599,-98.037,187.997
-55.599,-98.023,189.164
-56.598,-98.007,190.332
-57.598,-97.988,191.5
-58.598,-97.966,192.668
-59.598,-97.94,193.835
-60.578,-98.031,195.003,260
-61.515,-98.38,196.171
-62.449,-98.737,197.338
-63.38,-99.104,198.506
-64.306,-99.479,199.674
-65.229,-99.866,200.841
-66.146,-100.263,202.009
-67.059,-100.672,203.177
-67.965,-101.094,204.344
-68.865,-101.53,205.512
-69.758,-101.981,206.68
-70.642,-102.448,207.847
-71.516,-102.933,209.015
-72.38,-103.438,210.183
-73.23,-103.964,211.35
-74.066,-104.513,212.518
-74.884,-105.088,213.686
-75.683,-105.689,214.853
-76.459,-106.32,216.021
-77.208,-106.982,213.265
-77.929,-107.675,201.732
-78.618,-108.4,218.093
-79.275,-109.154,220.692
-79.903,-109.931,220.352
-80.512,-110.725,220.013
-81.115,-111.522,219.673
-81.735,-112.307,219.334
-82.392,-113.06,218.995
-83.107,-113.76,218.655
-83.884,-114.388,218.316
-84.719,-114.938,217.977
-85.6,-115.411,217.637
-86.514,-115.816,217.298
-87.451,-116.163,216.959
-88.405,-116.463,216.619
-89.371,-116.724,216.28
-90.344,-116.952,215.941
-91.324,-117.154,215.601
-92.307,-117.333,215.262
-93.295,-117.492,214.923
-94.284,-117.635,214.583
-95.276,-117.764,214.244
-96.269,-117.88,213.904
-97.264,-117.986,213.565
-98.259,-118.082,213.226
-99.255,-118.169,212.886
-100.252,-118.249,212.547
-101.249,-118.322,212.208
-102.247,-118.388,211.868
-103.245,-118.449,211.529
-104.244,-118.505,211.19
-105.242,-118.556,210.85
-106.241,-118.603,210.511
-107.24,-118.646,210.172
-108.24,-118.685,209.832
-109.239,-118.721,209.493
-110.238,-118.754,209.154
-111.238,-118.784,208.814
-112.238,-118.811,208.475
-113.237,-118.836,208.135
-114.237,-118.858,207.796
-115.237,-118.878,207.457
-116.237,-118.895,207.117
-117.237,-118.911,206.778
-118.236,-118.925,206.439
-119.236,-118.937,206.099
-120.236,-118.948,205.76
-121.236,-118.956,205.421
-122.236,-118.964,205.081
-123.236,-118.97,204.742
-124.236,-118.974,204.403
-125.236,-118.978,204.063
-126.236,-118.98,203.724
-127.236,-118.981,203.385
-128.236,-118.98,203.045
-129.236,-118.979,202.706
-130.236,-118.977,202.366
-131.236,-118.973,202.027
-132.236,-118.969,201.688
-133.236,-118.964,201.348
-134.236,-118.958,201.009
-135.236,-118.951,200.67
-136.236,-118.943,200.33
-137.236,-118.935,199.991
-138.236,-118.926,199.652
-139.236,-118.916,199.312
-140.236,-118.905,198.973
-141.236,-118.894,198.634
-142.236,-118.882,198.294
-143.236,-118.87,197.955
-144.236,-118.856,197.615
-145.236,-118.843,197.276
-146.235,-118.829,196.937
-147.235,-118.814,196.597
-148.235,-118.799,196.258
-149.235,-118.783,195.919
-150.235,-118.767,195.579
-151.235,-118.75,195.24
-152.235,-118.733,194.901
-153.235,-118.715,194.561
-154.234,-118.697,194.222,270
-155.19,-118.679,193.883
-154.19,-118.679,193.543
-153.19,-118.679,193.204
-152.19,-118.679,192.865
-151.19,-118.679,192.525
-150.19,-118.679,192.186
-149.19,-118.679,191.846
-148.19,-118.679,191.507
-147.19,-118.679,191.168
-146.19,-118.679,190.828
-145.19,-118.679,190.489
-144.19,-118.679,190.15
-143.19,-118.679,189.81
-142.19,-118.679,189.471
-141.19,-118.679,189.132
-140.19,-118.679,188.792
-139.19,-118.679,188.453
-138.19,-118.679,188.114
-137.19,-118.679,187.774
-136.19,-118.679,187.435
-135.19,-118.679,187.096
-134.19,-118.679,186.756
-133.19,-118.679,186.417
-132.19,-118.679,186.077
-131.19,-118.679,185.738
-130.19,-118.679,185.399
-129.19,-118.679,185.059
-128.19,-118.679,184.72
-127.19,-118.679,184.381
-126.19,-118.679,184.041
-125.19,-118.679,183.702
-124.19,-118.679,183.363
-123.19,-118.679,183.023
-122.19,-118.679,182.684
-121.19,-118.679,182.345
-120.191,-118.712,182.005,90
-119.192,-118.758,181.666
-118.193,-118.805,181.327
-117.194,-118.851,180.987
-116.195,-118.898,180.648
-115.197,-118.945,180.308
-114.198,-118.991,179.969
-113.199,-119.038,179.63
-112.2,-119.084,179.29
-111.201,-119.131,178.951
-110.202,-119.177,178.612
-109.203,-119.224,178.272
-108.204,-119.271,177.933
-107.205,-119.317,177.594
-106.206,-119.364,177.254
-105.207,-119.41,176.915
-104.209,-119.457,176.576
-103.21,-119.503,176.236
-102.211,-119.55,175.897
-101.212,-119.597,175.558
-100.213,-119.643,175.218
-99.214,-119.69,174.879
-98.215,-119.736,174.539
-97.216,-119.783,174.2
-96.217,-119.829,173.861
-95.218,-119.876,173.521
-94.219,-119.923,173.182
-93.22,-119.969,172.843
-92.222,-120.016,172.503
-91.223,-120.062,172.164
-90.224,-120.109,171.825
-89.225,-120.155,171.485
-88.226,-120.202,171.146
-87.227,-120.249,170.807
-86.228,-120.295,170.467
-85.229,-120.342,170.128
-84.23,-120.388,169.788
-83.231,-120.435,169.449
-82.232,-120.481,169.11
-81.233,-120.528,168.77
-80.235,-120.575,168.431
-79.236,-120.621,168.092
-78.237,-120.668,167.752
-77.238,-120.714,167.413
-76.239,-120.761,167.074
-75.24,-120.807,166.734
-74.241,-120.854,166.395
-73.242,-120.901,170.026
-72.243,-120.947,173.656
-71.244,-120.994,177.287
-70.245,-121.04,180.917
-69.246,-121.087,184.548
-68.248,-121.133,188.179,90
-69.201,-121.134,191.809
-70.201,-121.134,195.44
-71.201,-121.134,199.07
-72.201,-121.134,202.701
-73.201,-121.134,206.332
-74.201,-121.134,209.962
-75.201,-121.134,213.593
-76.201,-121.134,217.223
-77.201,-121.134,220.854
-78.201,-121.134,224.485
-79.201,-121.134,228.115
-80.201,-121.134,231.746
-81.201,-121.134,235.376
-82.201,-121.134,239.007
-83.201,-121.134,242.638
-84.201,-121.134,246.268
-85.201,-121.134,249.899
-86.201,-121.134,253.529
-87.201,-121.134,257.16
-88.201,-121.134,260.791
-89.201,-121.134,264.421
-90.201,-121.134,268.052
-91.201,-121.134,271.682
-92.201,-121.134,275.313
-93.201,-121.134,278.944
-94.201,-121.134,282.574
-95.201,-121.134,286.205
-96.201,-121.134,289.835
-97.201,-121.134,293.466
-98.201,-121.134,297.097
-99.201,-121.134,300.727
-100.201,-121.134,304.358
-101.201,-121.134,307.988
-101.608,-120.919,311.619,40
-100.838,-120.28,315.25
-100.06,-119.652,318.88
-99.272,-119.036,322.511
-98.475,-118.432,326.142
-97.67,-117.839,329.772
-96.856,-117.258,333.403
-96.034,-116.689,337.033
-95.205,-116.13,340.664
-94.367,-115.583,344.295
-93.523,-115.048,347.925
-92.671,-114.524,351.556
-91.812,-114.012,355.186
-90.946,-113.512,358.817
-90.073,-113.024,362.448
-89.195,-112.546,366.078
-88.31,-112.08,369.709
-87.42,-111.624,373.339
-86.525,-111.179,376.97
-85.624,-110.745,380.601
-84.718,-110.322,384.231
-83.806,-109.911,387.862
-82.89,-109.51,391.492
-81.97,-109.119,395.123
-81.045,-108.738,398.754
-80.117,-108.367,402.384
-79.184,-108.005,406.015
-78.248,-107.653,409.645
-77.308,-107.312,413.276
-76.365,-106.98,416.907
-75.418,-106.657,421.562
-74.469,-106.343,426.218
-73.517,-106.038,430.874
-72.562,-105.741,435.529
-71.604,-105.452,440.185
-70.644,-105.173,444.841
-69.682,-104.902,449.496
-68.717,-104.639,454.152
-67.75,-104.383,458.808
-66.782,-104.134,463.463
-65.811,-103.893,468.119
-64.839,-103.66,472.775
-63.865,-103.434,477.43
-62.889,-103.215,482.086
-61.912,-103.002,486.742
-60.934,-102.795,491.397
-59.954,-102.596,496.053
-58.972,-102.403,500.709
-57.99,-102.216,505.365
-57.007,-102.034,510.02
-56.022,-101.858,514.676
-55.037,-101.688,519.332
-54.051,-101.523,523.987
-53.063,-101.364,528.643
-52.075,-101.21,533.299
-51.087,-101.06,537.954
-50.097,-100.916,542.61
-49.107,-100.777,547.266
-48.116,-100.642,551.921
-47.125,-100.511,556.577
-46.133,-100.384,561.233
-45.14,-100.263,565.888
-44.147,-100.145,570.544
-43.154,-100.03,575.2
-42.16,-99.92,568.38
-41.165,-99.813,568.38
-40.171,-99.71,569.794
-39.176,-99.611,571.179
-38.18,-99.514,572.535
-37.185,-99.421,572.535
-36.189,-99.331,573.864
-35.193,-99.244,575.167
-34.196,-99.159,576.43
-33.199,-99.077,576.002
-32.203,-98.999,575.574
-31.205,-98.922,575.146
-30.208,-98.848,574.717
-29.211,-98.777,574.289
-28.213,-98.708,573.861
-27.215,-98.64,573.433
-26.218,-98.575,573.005
-25.22,-98.512,572.577
-24.221,-98.451,572.148
-23.223,-98.391,571.72
-22.225,-98.333,571.292
-21.227,-98.277,570.864
-20.228,-98.222,570.436
-19.229,-98.168,570.008
-18.231,-98.116,569.579
-17.232,-98.065,569.151
-16.233,-98.016,568.723
-15.235,-97.967,568.295
-14.236,-97.919,567.867
-13.237,-97.873,567.439
-12.238,-97.827,567.01
-11.239,-97.782,566.582
-10.24,-97.737,566.154
-9.241,-97.693,565.726
-8.242,-97.65,565.298
-7.243,-97.607,564.87
-6.244,-97.565,564.441
-5.244,-97.523,564.013
-4.245,-97.481,563.585
-3.246,-97.439,563.157
-2.247,-97.397,562.729
-1.248,-97.356,562.301
-0.249,-97.314,561.872
0.75,-97.273,561.444
1.749,-97.231,561.016
2.749,-97.189,560.588
3.748,-97.146,560.16
4.747,-97.103,559.732
5.746,-97.06,559.303
6.745,-97.016,558.875
7.744,-96.972,558.447
8.743,-96.927,558.019
9.742,-96.881,557.591
10.741,-96.835,557.162
11.74,-96.787,556.734
12.738,-96.739,556.306
13.737,-96.69,555.878
14.736,-96.64,555.45
15.735,-96.589,555.022
16.733,-96.536,554.593
17.732,-96.483,554.165
18.73,-96.428,553.737
19.729,-96.372,553.309
20.727,-96.314,552.881
21.725,-96.255,552.453
22.724,-96.195,552.024
23.722,-96.133,551.596
24.72,-96.069,551.168
25.717,-96.004,550.74
26.715,-95.937,550.312
27.713,-95.868,549.884
28.71,-95.797,549.455
29.708,-95.724,549.027
30.705,-95.65,548.599
31.702,-95.573,548.171
32.699,-95.494,547.743
33.696,-95.414,547.315
34.692,-95.33,546.886
35.688,-95.244,546.458
36.685,-95.157,546.03
37.68,-95.067,545.602
38.676,-94.974,545.174
39.672,-94.88,544.746
40.667,-94.781,544.317
41.662,-94.681,543.889
42.657,-94.579,543.461
43.651,-94.472,543.033
44.645,-94.364,542.605
45.639,-94.253,542.177
46.632,-94.139,541.748
47.625,-94.021,541.32
48.618,-93.902,540.892
49.611,-93.778,540.464
50.602,-93.652,540.036
51.594,-93.523,539.608
52.585,-93.389,539.179
53.576,-93.253,538.751
54.566,-93.114,538.323
55.556,-92.971,537.895
56.545,-92.824,537.467
57.534,-92.675,537.039
58.522,-92.521,536.61
59.51,-92.364,536.182
60.497,-92.204,535.754
61.483,-92.039,535.326
62.469,-91.871,534.898
63.454,-91.699,534.47
64.438,-91.523,534.041
65.422,-91.342,533.613
66.405,-91.159,533.185
67.387,-90.97,532.757
68.368,-90.778,532.329
69.349,-90.582,531.901
70.328,-90.381,531.472
71.307,-90.176,531.044
72.285,-89.968,530.616
73.262,-89.754,530.188
74.238,-89.535,529.76
75.213,-89.314,529.332
76.187,-89.086,528.903
77.159,-88.854,528.475
78.131,-88.619,528.047
79.102,-88.377,527.619
80.071,-88.131,527.191
81.039,-87.882,526.763
82.006,-87.626,526.334
82.972,-87.366,525.906
83.936,-87.102,525.478
84.899,-86.831,525.05
85.86,-86.556,524.622
86.821,-86.277,524.193
87.779,-85.991,523.765
88.736,-85.7,523.337
89.691,-85.406,522.909
90.645,-85.104,522.481
91.597,-84.799,522.053
92.548,-84.489,521.624
93.496,-84.171,521.196
94.443,-83.85,520.768
95.388,-83.523,520.34
96.331,-83.19,519.912
97.272,-82.852,519.484
98.211,-82.509,519.055
99.148,-82.159,518.627
100.083,-81.805,518.199
101.016,-81.445,517.771
101.947,-81.079,517.343
102.876,-80.708,516.915
103.802,-80.331,516.486
104.725,-79.948,510.376
105.647,-79.56,504.265
106.566,-79.166,498.155
107.482,-78.766,492.044
108.397,-78.361,485.934
109.308,-77.949,479.823
110.217,-77.532,473.712
111.124,-77.11,467.602
112.027,-76.68,461.491
112.927,-76.246,455.381
113.826,-75.806,449.27
114.72,-75.359,443.159
115.613,-74.908,437.049
116.502,-74.45,430.938
117.387,-73.986,424.828
118.271,-73.518,418.717
119.15,-73.042,412.607
120.027,-72.561,406.496
120.901,-72.075,400.385
121.771,-71.581,394.275
122.638,-71.083,388.164
123.501,-70.579,382.054
124.361,-70.068,375.943
125.218,-69.554,369.832
126.071,-69.031,363.722
126.921,-68.504,357.611
127.768,-67.972,351.501
128.609,-67.432,345.39
129.448,-66.888,339.28
130.283,-66.338,333.169
131.114,-65.781,327.058
131.943,-65.221,320.948
132.765,-64.653,314.837
133.585,-64.08,308.727
134.402,-63.503,302.616
135.213,-62.918,296.505
136.022,-62.33,290.395
136.825,-61.735,284.284
137.625,-61.135,278.174
138.422,-60.531,272.063
139.213,-59.918,263.028
140.001,-59.303,253.992
140.784,-58.681,244.957
141.563,-58.055,235.921
142.34,-57.424,226.886
143.109,-56.786,217.851
143.877,-56.145,208.815
144.639,-55.497,199.78
145.397,-54.845,190.744
146.151,-54.188,181.709
146.9,-53.525,172.673
147.646,-52.86,163.638
148.385,-52.186,154.602
149.122,-51.51,145.567
149.854,-50.829,136.532
150.581,-50.142,127.496
151.305,-49.452,118.461
152.022,-48.756,109.425
152.738,-48.057,100.39
153.446,-47.351,91.354
154.152,-46.643,82.319
154.852,-45.929,73.284
155.548,-45.211,64.248
156.241,-44.49,55.213
156.927,-43.762,46.177
157.612,-43.033,37.142
158.288,-42.297,28.106
158.963,-41.559,19.071
159.631,-40.815,10.035
160.297,-40.069,1
160.957,-39.317,16.821
161.613,-38.562,32.643,0
162.264,-37.804,48.464
162.626,-36.907,64.286
162.804,-35.923,80.107
162.982,-34.939,95.929
163.16,-33.955,111.75
163.338,-32.971,127.571
163.516,-31.987,143.393
163.694,-31.003,159.214
163.872,-30.019,175.036
164.051,-29.035,190.857
164.229,-28.051,206.678
164.407,-27.067,222.5
164.585,-26.083,238.321
164.763,-25.099,254.143
164.941,-24.115,269.964
165.119,-23.131,285.786
165.297,-22.147,274.467
165.475,-21.163,263.148
165.653,-20.179,251.829
165.831,-19.195,240.51
166.009,-18.211,229.191
166.187,-17.227,217.872
166.365,-16.243,206.553
166.543,-15.259,195.234
166.721,-14.275,183.915
166.899,-13.291,172.596
167.077,-12.307,161.277
167.256,-11.323,149.958
167.434,-10.339,138.639
167.612,-9.355,127.32
167.79,-8.371,116.001
167.968,-7.387,104.682
168.146,-6.403,93.363
168.324,-5.419,82.044
168.502,-4.435,70.725
168.68,-3.451,59.406
168.858,-2.467,48.087
169.036,-1.483,48.087
169.242,-0.342,48.087,0
169.242,-0.342,0,0
#PATH.JERRYIO-DATA {"appVersion":"0.10.0","format":"path.jerryio v0.1","gc":{"robotWidth":12.5,"robotHeight":15,"robotIsHolonomic":false,"showRobot":false,"uol":1,"pointDensity":1,"controlMagnetDistance":5,"fieldImage":{"displayName":"V5RC 2026 - Push Back (Skills)","signature":"V5RC-PushBack-Skills-TopDownHighlighted-TileColor66_71","origin":{"__type":"built-in"}},"coordinateSystem":"VEX Gaming Positioning System"},"paths":[{"segments":[{"controls":[{"uid":"MrjHx1p3gS","x":-169.30898012954222,"y":-20.578768251180144,"lock":false,"visible":true,"heading":0,"__type":"end-point"},{"uid":"AXHmadGY4C","x":-168.777,"y":34.034,"lock":false,"visible":true,"heading":28,"__type":"end-point"}],"speedProfiles":[{"uid":"ITtBFaNqHq","xPos":0,"yPos":0,"followBentRate":false},{"uid":"v5jC2ITH5V","xPos":0.9736842105263158,"yPos":0.19560437069278203,"followBentRate":true}],"lookaheadKeyframes":[],"uid":"qNHKcvuLrU"},{"controls":[{"uid":"AXHmadGY4C","x":-168.777,"y":34.034,"lock":false,"visible":true,"heading":28,"__type":"end-point"},{"uid":"ulb8CPkyw8","x":-120,"y":119,"lock":false,"visible":true,"heading":270,"__type":"end-point"}],"speedProfiles":[{"uid":"8F72s61B77","xPos":0.42857142857142855,"yPos":1,"followBentRate":false},{"uid":"kQI8bUHhKS","xPos":0.7244897959183674,"yPos":0.3401950162513543,"followBentRate":false},{"uid":"rclOwqjVpF","xPos":0.9897959183673469,"yPos":0,"followBentRate":false}],"lookaheadKeyframes":[],"uid":"qBFDaqIwub"},{"controls":[{"uid":"ulb8CPkyw8","x":-120,"y":119,"lock":false,"visible":true,"heading":270,"__type":"end-point"},{"uid":"f7rsWAx3qu","x":-155.641,"y":119,"lock":false,"visible":true,"heading":270,"__type":"end-point"}],"speedProfiles":[{"uid":"KUEnWDZ3my","xPos":0.9722222222222222,"yPos":0.2504111772497969,"followBentRate":true}],"lookaheadKeyframes":[],"uid":"z6YIAvtMPX"},{"controls":[{"uid":"f7rsWAx3qu","x":-155.641,"y":119,"lock":false,"visible":true,"heading":270,"__type":"end-point"},{"uid":"dwBjlJp0ni","x":-116.518,"y":119,"lock":false,"visible":true,"heading":90,"__type":"end-point"}],"speedProfiles":[{"uid":"JHGIwJA1TJ","xPos":0.5128205128205128,"yPos":0.5809558203924401,"followBentRate":false},{"uid":"m5eDdQNAXz","xPos":0.9487179487179487,"yPos":0.0843866618514506,"followBentRate":false}],"lookaheadKeyframes":[],"uid":"B08rI7cO0M"},{"controls":[{"uid":"dwBjlJp0ni","x":-116.518,"y":119,"lock":false,"visible":true,"heading":90,"__type":"end-point"},{"uid":"q6GVLqOPFQ","x":-70.087,"y":119,"lock":false,"visible":true,"heading":90,"__type":"end-point"}],"speedProfiles":[{"uid":"nifVvYHaRC","xPos":0.5,"yPos":0.6110509209100758,"followBentRate":false},{"uid":"s4fM2EdY0w","xPos":0.9565217391304348,"yPos":0.18971951366317574,"followBentRate":false}],"lookaheadKeyframes":[],"uid":"VVGllA0Fnv"},{"controls":[{"uid":"q6GVLqOPFQ","x":-70.087,"y":119,"lock":false,"visible":true,"heading":90,"__type":"end-point"},{"uid":"Lc9wkOgbwy","x":-99.391,"y":119,"lock":false,"visible":true,"heading":200,"__type":"end-point"}],"speedProfiles":[{"uid":"EuHfdzUz0L","xPos":0.4482758620689655,"yPos":0.6265999337202435,"followBentRate":true},{"uid":"mcqB1K7Azf","xPos":0.9655172413793104,"yPos":0.1445768628867221,"followBentRate":false}],"lookaheadKeyframes":[],"uid":"DxNtrFOncD"},{"controls":[{"uid":"Lc9wkOgbwy","x":-99.391,"y":119,"lock":false,"visible":true,"heading":200,"__type":"end-point"},{"uid":"Ix1Xi2TEzg","x":-104.57699755404809,"y":100.45109177930753,"lock":false,"visible":true,"__type":"control"},{"uid":"gMzEymKuqd","x":-124.7497190313508,"y":54.831870012420026,"lock":false,"visible":true,"__type":"control"},{"uid":"CXFofu9mP7","x":-59.952,"y":60.451,"lock":false,"visible":true,"heading":90,"__type":"end-point"}],"speedProfiles":[{"uid":"mwTTiWBcZz","xPos":0.21875,"yPos":0.7659681901189295,"followBentRate":true}],"lookaheadKeyframes":[],"uid":"nDJYTgBNnm"},{"controls":[{"uid":"CXFofu9mP7","x":-59.952,"y":60.451,"lock":false,"visible":true,"heading":90,"__type":"end-point"},{"uid":"6ma2LbEBnO","x":59.481,"y":60.451,"lock":false,"visible":true,"heading":90,"__type":"end-point"}],"speedProfiles":[{"uid":"NWEOELcJDy","xPos":0.2833333333333333,"yPos":0.8152392395115464,"followBentRate":false},{"uid":"1RY8U24Lqa","xPos":0.7333333333333333,"yPos":0.8001261939306009,"followBentRate":false},{"uid":"UuSONqWQug","xPos":0.975,"yPos":0.36961485847594255,"followBentRate":true}],"lookaheadKeyframes":[],"uid":"z25tqUpgxl"},{"controls":[{"uid":"6ma2LbEBnO","x":59.481,"y":60.451,"lock":false,"visible":true,"heading":90,"__type":"end-point"},{"uid":"ObdavPryeJ","x":90.7944428220007,"y":59.4577392761527,"lock":false,"visible":true,"__type":"control"},{"uid":"N79LgOFA5K","x":194.84261217599325,"y":63.63584769791022,"lock":false,"visible":true,"__type":"control"},{"uid":"YQi8AWyZMT","x":130,"y":119.338,"lock":false,"visible":true,"heading":270,"__type":"end-point"}],"speedProfiles":[{"uid":"ybfvnfq7hF","xPos":0.5135135135135135,"yPos":0.8206745688310879,"followBentRate":true},{"uid":"QfNMNsofDR","xPos":0.5217391304347826,"yPos":0.8226575325225577,"followBentRate":true},{"uid":"01OI22D38k","xPos":0.8913043478260869,"yPos":0.7848646375868056,"followBentRate":true},{"uid":"QE4lGw1M77","xPos":0.9782608695652174,"yPos":0.3691427932935327,"followBentRate":false}],"lookaheadKeyframes":[],"uid":"y1eXAmDMbk"},{"controls":[{"uid":"YQi8AWyZMT","x":130,"y":119.338,"lock":false,"visible":true,"heading":270,"__type":"end-point"},{"uid":"N3e0Ualqim","x":71.038,"y":119.338,"lock":false,"visible":true,"heading":270,"__type":"end-point"}],"speedProfiles":[],"lookaheadKeyframes":[],"uid":"peqbP4eBIE"},{"controls":[{"uid":"N3e0Ualqim","x":71.038,"y":119.338,"lock":false,"visible":true,"heading":270,"__type":"end-point"},{"uid":"xaJhRPKLP3","x":92.906,"y":119.338,"lock":false,"visible":true,"heading":90,"__type":"end-point"}],"speedProfiles":[],"lookaheadKeyframes":[],"uid":"q17wjOowlZ"},{"controls":[{"uid":"xaJhRPKLP3","x":92.906,"y":119.338,"lock":false,"visible":true,"heading":90,"__type":"end-point"},{"uid":"m2SpQdzzfK","x":155.278,"y":119.338,"lock":false,"visible":true,"heading":90,"__type":"end-point"}],"speedProfiles":[{"uid":"aAaLnH53SB","xPos":0,"yPos":0.40693568822928483,"followBentRate":false},{"uid":"pff2OV1chA","xPos":0.4,"yPos":0.5046399713593647,"followBentRate":false},{"uid":"5EIvwzsGwf","xPos":0.9333333333333333,"yPos":0,"followBentRate":false}],"lookaheadKeyframes":[],"uid":"8N0XTnBV7k"},{"controls":[{"uid":"m2SpQdzzfK","x":155.278,"y":119.338,"lock":false,"visible":true,"heading":90,"__type":"end-point"},{"uid":"pVK6YgTm8j","x":140,"y":119.338,"lock":false,"visible":true,"heading":190,"__type":"end-point"}],"speedProfiles":[{"uid":"7GEJ4wsUkB","xPos":0.4,"yPos":0.4547397717585664,"followBentRate":false},{"uid":"o21sIRbYvA","xPos":0.9333333333333333,"yPos":0,"followBentRate":false}],"lookaheadKeyframes":[],"uid":"sSVjnCTpNw"},{"controls":[{"uid":"pVK6YgTm8j","x":140,"y":119.338,"lock":false,"visible":true,"heading":190,"__type":"end-point"},{"uid":"IcGRHd5gLq","x":106.52830178099629,"y":-52.82380477103793,"lock":false,"visible":true,"__type":"control"},{"uid":"QqAQpepwQO","x":127.0991508420632,"y":-66.8294892381473,"lock":false,"visible":true,"__type":"control"},{"uid":"bdYGImzu4N","x":61.49457268872729,"y":-61.11697213576824,"lock":false,"visible":true,"heading":270,"__type":"end-point"}],"speedProfiles":[{"uid":"uPCMlxKXcN","xPos":0.4931506849315068,"yPos":0.8872081682988191,"followBentRate":false},{"uid":"4zvB5mIAnZ","xPos":0.9863013698630136,"yPos":0,"followBentRate":false}],"lookaheadKeyframes":[],"uid":"wiVMtyBOSQ"},{"controls":[{"uid":"bdYGImzu4N","x":61.49457268872729,"y":-61.11697213576824,"lock":false,"visible":true,"heading":270,"__type":"end-point"},{"uid":"rWqS6YmwV1","x":-61.10736905884552,"y":-61.11697213576824,"lock":false,"visible":true,"heading":270,"__type":"end-point"}],"speedProfiles":[{"uid":"x5NGihBQQV","xPos":0.30952380952380953,"yPos":0.8040411689641551,"followBentRate":false},{"uid":"VobwpTfnWJ","xPos":0.9836065573770492,"yPos":0.28628264417845484,"followBentRate":false}],"lookaheadKeyframes":[],"uid":"bgvqpT5VXn"},{"controls":[{"uid":"rWqS6YmwV1","x":-61.10736905884552,"y":-61.11697213576824,"lock":false,"visible":true,"heading":270,"__type":"end-point"},{"uid":"AsdJrhHko9","x":-27.792909596929782,"y":-26.708827355116917,"lock":false,"visible":true,"heading":45,"__type":"end-point"}],"speedProfiles":[{"uid":"bjkoJ7JE4M","xPos":0.8823529411764706,"yPos":0,"followBentRate":true}],"lookaheadKeyframes":[],"uid":"xBTOC7dx5d"},{"controls":[{"uid":"AsdJrhHko9","x":-27.792909596929782,"y":-26.708827355116917,"lock":false,"visible":true,"heading":45,"__type":"end-point"},{"uid":"EeqztsEoOy","x":-46.05619670352312,"y":-45.043460429797776,"lock":false,"visible":true,"heading":140,"__type":"end-point"}],"speedProfiles":[{"uid":"synSkBjZxA","xPos":0.25,"yPos":0.30633359519780834,"followBentRate":true},{"uid":"XwblauJY1W","xPos":0.875,"yPos":0,"followBentRate":true}],"lookaheadKeyframes":[],"uid":"sqYmfq9G2d"},{"controls":[{"uid":"EeqztsEoOy","x":-46.05619670352312,"y":-45.043460429797776,"lock":false,"visible":true,"heading":140,"__type":"end-point"},{"uid":"oftpOWox9D","x":-10.88964741544563,"y":-92.48289940230502,"lock":false,"visible":true,"__type":"control"},{"uid":"K8sxknGa4H","x":42.45021928996048,"y":-71.00534245455297,"lock":false,"visible":true,"__type":"control"},{"uid":"6gtlqrpnVD","x":27.458928773057938,"y":-26.158523204689505,"lock":false,"visible":true,"heading":307,"__type":"end-point"}],"speedProfiles":[{"uid":"RywMCqdvYC","xPos":0.5128205128205128,"yPos":0.517839517363629,"followBentRate":true},{"uid":"OzqCWX2dse","xPos":0.9743589743589743,"yPos":0,"followBentRate":false}],"lookaheadKeyframes":[],"uid":"L031ZBG2AA"},{"controls":[{"uid":"6gtlqrpnVD","x":27.458928773057938,"y":-26.158523204689505,"lock":false,"visible":true,"heading":307,"__type":"end-point"},{"uid":"RP49cHLKuU","x":131.803,"y":-119,"lock":false,"visible":true,"heading":90,"__type":"end-point"}],"speedProfiles":[{"uid":"dpXUPpqDnO","xPos":0.20408163265306123,"yPos":0.45740925388768017,"followBentRate":true},{"uid":"RwRkL5Rzqb","xPos":0.6326530612244898,"yPos":0.45740925388768017,"followBentRate":false},{"uid":"TuKN3dCPRL","xPos":0.8571428571428571,"yPos":0.2156881999838851,"followBentRate":false},{"uid":"A1W6Odzbmj","xPos":0.9814814814814815,"yPos":0,"followBentRate":false}],"lookaheadKeyframes":[],"uid":"W9C3zjuQtV"},{"controls":[{"uid":"RP49cHLKuU","x":131.803,"y":-119,"lock":false,"visible":true,"heading":90,"__type":"end-point"},{"uid":"BIW4h5LPer","x":158.373,"y":-119,"lock":false,"visible":true,"heading":90,"__type":"end-point"}],"speedProfiles":[{"uid":"p98qti9qwP","xPos":0.9,"yPos":0.33654872693578264,"followBentRate":false}],"lookaheadKeyframes":[],"uid":"qPlI8ie9vU"},{"controls":[{"uid":"BIW4h5LPer","x":158.373,"y":-119,"lock":false,"visible":true,"heading":90,"__type":"end-point"},{"uid":"Bt1SBa3sGa","x":131.803,"y":-119,"lock":false,"visible":true,"heading":220.00000178813934,"__type":"end-point"}],"speedProfiles":[{"uid":"Bpj6UGbnCA","xPos":0.8888888888888888,"yPos":0.3463056965595036,"followBentRate":false}],"lookaheadKeyframes":[],"uid":"IIyjSVQJ89"},{"controls":[{"uid":"Bt1SBa3sGa","x":131.803,"y":-119,"lock":false,"visible":true,"heading":220.00000178813934,"__type":"end-point"},{"uid":"tFEJZllv03","x":90.00994163620976,"y":-165.7900284638802,"lock":false,"visible":true,"__type":"control"},{"uid":"OnExeQ3tzN","x":26.90534903979408,"y":-154.44227277768272,"lock":false,"visible":true,"__type":"control"},{"uid":"rBNVF3DG6E","x":0.19171025619146478,"y":-120.16133950080925,"lock":false,"visible":true,"heading":315,"__type":"end-point"}],"speedProfiles":[{"uid":"vvnLbHMKUO","xPos":0.12244897959183673,"yPos":0.16501490613165726,"followBentRate":false},{"uid":"EwNqQR9Pyw","xPos":0.4897959183673469,"yPos":0.24590333172185952,"followBentRate":true},{"uid":"UIiNn58Nu5","xPos":0.9795918367346939,"yPos":0.1854730682459108,"followBentRate":true}],"lookaheadKeyframes":[],"uid":"qTajUrUcAW"},{"controls":[{"uid":"rBNVF3DG6E","x":0.19171025619146478,"y":-120.16133950080925,"lock":false,"visible":true,"heading":315,"__type":"end-point"},{"uid":"fFLlsSnaO2","x":-31.217302035851873,"y":-92.66261576246289,"lock":false,"visible":true,"__type":"control"},{"uid":"xdt4EnBG3Z","x":-23.68411807031483,"y":-98.98204223255142,"lock":false,"visible":true,"__type":"control"},{"uid":"98sjnh8FZP","x":-60.27862757367485,"y":-97.92133181216417,"lock":false,"visible":true,"heading":260,"__type":"end-point"}],"speedProfiles":[],"lookaheadKeyframes":[],"uid":"d5Sv0KvU80"},{"controls":[{"uid":"98sjnh8FZP","x":-60.27862757367485,"y":-97.92133181216417,"lock":false,"visible":true,"heading":260,"__type":"end-point"},{"uid":"978gQuSEoO","x":-102.08142531014681,"y":-113.1525449090134,"lock":false,"visible":true,"__type":"control"},{"uid":"5ZLpJjyV4Z","x":-51.14506811893047,"y":-120.6168431845593,"lock":false,"visible":true,"__type":"control"},{"uid":"htfk7xsI9Y","x":-155.21229099722993,"y":-118.67942148203777,"lock":false,"visible":true,"heading":270,"__type":"end-point"}],"speedProfiles":[{"uid":"Wa4PINNLxv","xPos":0.21212121212121213,"yPos":0.36676385867375705,"followBentRate":false}],"lookaheadKeyframes":[],"uid":"4fCZa2yfaN"},{"controls":[{"uid":"htfk7xsI9Y","x":-155.21229099722993,"y":-118.67942148203777,"lock":false,"visible":true,"heading":270,"__type":"end-point"},{"uid":"TnUKy3yoP7","x":-120.892,"y":-118.679,"lock":false,"visible":true,"heading":90,"__type":"end-point"}],"speedProfiles":[],"lookaheadKeyframes":[],"uid":"JnoPi5BxiX"},{"controls":[{"uid":"TnUKy3yoP7","x":-120.892,"y":-118.679,"lock":false,"visible":true,"heading":90,"__type":"end-point"},{"uid":"8MO1S2hvxn","x":-68.22411185878597,"y":-121.13449648660644,"lock":false,"visible":true,"heading":90,"__type":"end-point"}],"speedProfiles":[{"uid":"L76kKk9mHP","xPos":0.8823529411764706,"yPos":0.27611846345983393,"followBentRate":false}],"lookaheadKeyframes":[],"uid":"SvUSyIxlwv"},{"controls":[{"uid":"8MO1S2hvxn","x":-68.22411185878597,"y":-121.13449648660644,"lock":false,"visible":true,"heading":90,"__type":"end-point"},{"uid":"zl4sPtzlbt","x":-101.865,"y":-121.134,"lock":false,"visible":true,"heading":40,"__type":"end-point"}],"speedProfiles":[],"lookaheadKeyframes":[],"uid":"Pakb56LnV9"},{"controls":[{"uid":"zl4sPtzlbt","x":-101.865,"y":-121.134,"lock":false,"visible":true,"heading":40,"__type":"end-point"},{"uid":"HgToaYKlrA","x":-43.91376034872327,"y":-71.82625720278529,"lock":false,"visible":true,"__type":"control"},{"uid":"ruyebuVIWq","x":82.31737591030195,"y":-131.932784455419,"lock":false,"visible":true,"__type":"control"},{"uid":"f48UMRscyh","x":162.51714246023812,"y":-37.50923675524269,"lock":false,"visible":true,"heading":0,"__type":"end-point"}],"speedProfiles":[{"uid":"udbGljSzNm","xPos":0.09917355371900827,"yPos":0.6943348748639826,"followBentRate":false},{"uid":"SYWrA45Mle","xPos":0.2231404958677686,"yPos":0.9663696953210011,"followBentRate":true},{"uid":"HnhVRF94Pl","xPos":0.743801652892562,"yPos":0.8605783762543828,"followBentRate":true},{"uid":"06FOzTJLRJ","xPos":0.8842975206611571,"yPos":0.45252614556885506,"followBentRate":true},{"uid":"6BpGcMLrkz","xPos":0.9917355371900827,"yPos":0,"followBentRate":false}],"lookaheadKeyframes":[],"uid":"wnbgmEI1sb"},{"controls":[{"uid":"f48UMRscyh","x":162.51714246023812,"y":-37.50923675524269,"lock":false,"visible":true,"heading":0,"__type":"end-point"},{"uid":"ikfZ2nnwCL","x":169.24243023042155,"y":-0.3420937241785194,"lock":false,"visible":true,"heading":0,"__type":"end-point"}],"speedProfiles":[{"uid":"rzxf7VvZo0","xPos":0.38461538461538464,"yPos":0.47543496429604837,"followBentRate":false},{"uid":"7phA6TO4pr","xPos":0.9230769230769231,"yPos":0.07860956747065162,"followBentRate":false}],"lookaheadKeyframes":[],"uid":"YTPYugaLdm"}],"pc":{"speedLimit":{"minLimit":{"value":0,"label":"0"},"maxLimit":{"value":600,"label":"600"},"step":1,"from":1,"to":600},"bentRateApplicableRange":{"minLimit":{"value":0,"label":"0"},"maxLimit":{"value":1,"label":"1"},"step":0.001,"from":0,"to":0.067}},"name":"Path","uid":"gqmB9zjS3K","lock":false,"visible":true}]}