#PATH-POINTS-START Load Blocks
-129.164,-27.475,7,54.1
-128.394,-26.837,31.885
-127.617,-26.207,56.769
-126.832,-25.588,81.654
-126.041,-24.977,106.539
-125.242,-24.375,131.423
-124.436,-23.782,156.308
-123.624,-23.199,181.193
-122.805,-22.625,206.077
-121.98,-22.06,230.962
-121.149,-21.504,255.846
-120.311,-20.958,280.731
-119.467,-20.421,305.616
-118.618,-19.894,330.5
-117.762,-19.377,355.385
-116.901,-18.868,353.484
-116.034,-18.37,351.583
-115.162,-17.881,349.682
-114.283,-17.403,347.781
-113.401,-16.933,345.88
-112.512,-16.475,343.979
-111.619,-16.025,342.077
-110.72,-15.587,340.176
-109.816,-15.158,338.275
-108.908,-14.74,336.374
-107.995,-14.332,334.473
-107.077,-13.936,332.572
-106.155,-13.549,330.671
-105.227,-13.174,328.77
-104.296,-12.81,326.869
-103.361,-12.457,324.968
-102.421,-12.116,323.067
-101.477,-11.785,321.165
-100.529,-11.468,319.264
-99.577,-11.161,317.363
-98.621,-10.868,315.462
-97.661,-10.586,313.561
-96.698,-10.317,311.66
-95.731,-10.062,309.759
-94.761,-9.819,307.858
-93.788,-9.591,305.957
-92.811,-9.376,304.056
-91.831,-9.175,302.155
-90.849,-8.99,300.253
-89.863,-8.819,298.352
-88.876,-8.663,296.451
-87.885,-8.524,294.55
-86.893,-8.401,292.649
-85.899,-8.295,290.748
-84.903,-8.206,288.847
-83.905,-8.135,286.946
-82.907,-8.083,285.045
-81.907,-8.05,283.144
-80.907,-8.037,281.243
-79.907,-8.044,279.341
-78.908,-8.073,277.44
-77.909,-8.125,275.539
-76.912,-8.199,273.638
-75.917,-8.297,271.737
-74.924,-8.42,269.836
-73.936,-8.569,267.935
-72.951,-8.745,266.034
-71.972,-8.948,264.133
-71,-9.18,262.232
-70.035,-9.443,260.331
-69.079,-9.736,258.429
-68.133,-10.061,256.528
-67.2,-10.42,254.627
-66.28,-10.812,252.726
-65.376,-11.239,254.158
-64.49,-11.703,242.873
-63.623,-12.202,232.118
-62.779,-12.737,222.079
-61.958,-13.309,212.953
-61.165,-13.918,201.403
-60.401,-14.563,195.402
-59.668,-15.243,190.959
-58.968,-15.957,188.213
-58.304,-16.704,187.495
-57.677,-17.483,189.363
-57.087,-18.29,193.11
-56.537,-19.125,198.686
-56.027,-19.985,205.995
-55.557,-20.868,214.901
-55.127,-21.77,225.236
-54.737,-22.691,242.988
-54.386,-23.628,256.012
-54.075,-24.578,269.734
-53.801,-25.54,276.791
-53.563,-26.511,291.167
-53.361,-27.49,305.735
-53.192,-28.476,320.322
-53.056,-29.466,334.776
-52.949,-30.461,348.967
-52.874,-31.458,355.93
-52.826,-32.456,369.535
-52.805,-33.456,374.634
-52.809,-34.456,378.987
-52.839,-35.456,383.341
-52.89,-36.454,387.695
-52.964,-37.452,392.049
-53.058,-38.447,396.403
-53.174,-39.44,400.757
-53.307,-40.431,405.11
-53.459,-41.42,409.464
-53.628,-42.405,413.818
-53.812,-43.388,418.172
-54.013,-44.368,422.526
-54.229,-45.344,426.88
-54.458,-46.318,431.234
-54.701,-47.288,435.587
-54.958,-48.254,439.941
-55.226,-49.217,444.295
-55.506,-50.177,448.649
-55.798,-51.134,453.003
-56.101,-52.087,457.357
-56.414,-53.037,461.71
-56.738,-53.983,466.064
-57.071,-54.926,470.418,192
-57.342,-55.886,474.772
-57.554,-56.863,479.126
-57.766,-57.841,483.48
-57.978,-58.818,487.833
-58.191,-59.795,492.187
-58.404,-60.772,496.541
-58.618,-61.749,494.849
-58.832,-62.725,493.157
-59.047,-63.702,491.465
-59.263,-64.678,489.772
-59.481,-65.655,488.08
-59.699,-66.63,486.388
-59.919,-67.606,484.696
-60.14,-68.581,483.004
-60.362,-69.556,481.311
-60.587,-70.531,479.619
-60.813,-71.505,477.927
-61.041,-72.478,476.235
-61.272,-73.451,474.543
-61.505,-74.424,472.851
-61.741,-75.395,471.158
-61.98,-76.367,469.466
-62.223,-77.337,467.774
-62.469,-78.306,466.082
-62.718,-79.274,464.39
-62.972,-80.242,462.697
-63.23,-81.208,461.005
-63.493,-82.172,459.313
-63.761,-83.136,457.621
-64.035,-84.098,455.929
-64.315,-85.058,454.237
-64.601,-86.016,452.544
-64.895,-86.972,450.852
-65.195,-87.926,449.16
-65.505,-88.877,447.468
-65.822,-89.825,445.776
-66.149,-90.77,444.083
-66.486,-91.711,442.391
-66.833,-92.649,440.699
-67.192,-93.582,439.007
-67.563,-94.511,437.315
-67.948,-95.434,435.623
-68.346,-96.351,433.93
-68.76,-97.262,432.238
-69.189,-98.165,430.546
-69.635,-99.06,422.169
-70.098,-99.946,411.161
-70.58,-100.822,400.027
-71.082,-101.687,388.869
-71.605,-102.54,377.806
-72.149,-103.379,361.687
-72.716,-104.203,351.475
-73.305,-105.01,341.876
-73.918,-105.8,333.053
-74.555,-106.571,325.166
-75.216,-107.322,315.425
-75.901,-108.05,310.518
-76.61,-108.755,307.01
-77.342,-109.436,304.977
-78.098,-110.091,304.783
-78.875,-110.72,306.56
-79.673,-111.322,309.817
-80.491,-111.897,314.478
-81.328,-112.445,323.867
-82.182,-112.965,331.53
-83.052,-113.458,340.137
-83.937,-113.925,349.527
-84.834,-114.365,359.536
-85.744,-114.781,370.001
-86.664,-115.173,380.768
-87.593,-115.541,386.549
-88.532,-115.887,384.857
-89.478,-116.211,383.165
-90.43,-116.515,381.473
-91.389,-116.801,379.781
-92.352,-117.068,378.088
-93.32,-117.318,376.396
-94.293,-117.552,374.704
-95.268,-117.77,373.012
-96.247,-117.974,371.32
-97.229,-118.165,369.628
-98.213,-118.344,367.935
-99.199,-118.509,366.243
-100.187,-118.664,364.551
-101.177,-118.808,362.859
-102.168,-118.943,361.167
-103.16,-119.067,359.475
-104.153,-119.184,357.782
-105.147,-119.291,356.09
-106.142,-119.391,354.398
-107.138,-119.483,352.706
-108.134,-119.569,351.014
-109.131,-119.647,349.321
-110.128,-119.72,347.629
-111.126,-119.787,345.937
-112.124,-119.848,344.245
-113.123,-119.904,342.553
-114.121,-119.955,332.965
-115.12,-120.001,323.378
-116.12,-120.043,313.791
-117.119,-120.081,304.204
-118.118,-120.114,294.617
-119.118,-120.144,285.029
-120.117,-120.171,275.442
-121.117,-120.194,265.855
-122.117,-120.213,256.268
-123.117,-120.23,246.681
-124.117,-120.244,237.093
-125.117,-120.255,227.506
-126.117,-120.264,217.919
-127.117,-120.27,208.332
-128.117,-120.274,198.744
-129.117,-120.276,189.157
-130.117,-120.275,179.57
-131.117,-120.273,169.983
-132.117,-120.268,160.396
-133.117,-120.262,150.808
-134.117,-120.254,141.221
-135.117,-120.245,131.634
-136.116,-120.234,122.047
-137.116,-120.221,112.459
-138.116,-120.207,102.872
-139.116,-120.192,93.285
-140.116,-120.176,83.698
-141.116,-120.158,74.111
-142.116,-120.14,64.523
-143.116,-120.12,54.936
-144.115,-120.099,45.349
-145.115,-120.077,35.762
-146.115,-120.055,26.174
-147.115,-120.031,16.587
-148.114,-120.007,7
-149.114,-119.982,7,270
-150.246,-119.953,7
-150.246,-119.953,0,270
#PATH-POINTS-START Score Long
-150.246,-119.994,7,270
-149.246,-119.993,26.644
-148.246,-119.993,46.287
-147.246,-119.992,65.931
-146.246,-119.992,85.574
-145.246,-119.991,105.218
-144.246,-119.99,124.861
-143.246,-119.99,144.505
-142.246,-119.989,164.148
-141.246,-119.988,183.792
-140.246,-119.988,203.435
-139.246,-119.987,223.079
-138.246,-119.987,242.722
-137.246,-119.986,262.366
-136.246,-119.985,282.009
-135.246,-119.985,301.653
-134.246,-119.984,321.296
-133.246,-119.984,340.94
-132.246,-119.983,360.583
-131.246,-119.982,380.227
-130.246,-119.982,399.87
-129.246,-119.981,419.514
-128.246,-119.98,439.157
-127.246,-119.98,458.801
-126.246,-119.979,478.444
-125.246,-119.979,498.088
-124.246,-119.978,517.731
-123.246,-119.977,537.375
-122.246,-119.977,557.018
-121.246,-119.976,576.662
-120.246,-119.975,596.305
-119.246,-119.975,579.936
-118.246,-119.974,563.566
-117.246,-119.974,547.197
-116.246,-119.973,530.827
-115.246,-119.972,514.457
-114.246,-119.972,498.088
-113.246,-119.971,481.718
-112.246,-119.97,465.349
-111.246,-119.97,448.979
-110.246,-119.969,432.609
-109.246,-119.969,416.24
-108.246,-119.968,399.87
-107.246,-119.967,383.501
-106.246,-119.967,367.131
-105.246,-119.966,350.761
-104.246,-119.965,334.392
-103.246,-119.965,318.022
-102.246,-119.964,301.653
-101.246,-119.964,285.283
-100.246,-119.963,268.913
-99.246,-119.962,252.544
-98.246,-119.962,236.174
-97.246,-119.961,219.805
-96.246,-119.961,203.435
-95.246,-119.96,187.066
-94.246,-119.959,170.696
-93.246,-119.959,154.326
-92.246,-119.958,137.957
-91.246,-119.957,121.587
-90.246,-119.957,105.218
-89.246,-119.956,88.848
-88.246,-119.956,72.478
-87.246,-119.955,56.109
-86.246,-119.954,39.739
-85.246,-119.954,23.37
-84.247,-119.935,7,270
-83.249,-119.87,83.093
-82.251,-119.805,159.186
-81.253,-119.74,235.279
-80.255,-119.674,311.373
-79.258,-119.609,387.466
-78.26,-119.544,311.373
-77.262,-119.479,235.279
-76.264,-119.414,159.186
-75.266,-119.348,83.093
-74.377,-119.29,7,90
-74.377,-119.29,0,90
#PATH-POINTS-START Score Low
-74.377,-119.29,7,90
-75.376,-119.322,48.962
-76.376,-119.353,90.925
-77.375,-119.385,132.887
-78.375,-119.417,174.849
-79.374,-119.449,216.812
-80.374,-119.48,258.774
-81.373,-119.512,300.736
-82.373,-119.544,342.699
-83.372,-119.576,384.661
-84.372,-119.607,426.623
-85.371,-119.639,384.661
-86.371,-119.671,342.699
-87.37,-119.703,300.736
-88.37,-119.734,258.774
-89.369,-119.766,216.812
-90.369,-119.798,174.849
-91.368,-119.83,132.887
-92.368,-119.861,90.925
-93.367,-119.893,48.962
-94.367,-119.925,7
-95.222,-119.857,28.324,24
-94.836,-118.934,49.649
-94.45,-118.012,70.973
-94.062,-117.09,92.297
-93.672,-116.169,113.622
-93.28,-115.249,134.946
-92.887,-114.33,156.27
-92.492,-113.411,177.595
-92.095,-112.493,198.919
-91.696,-111.576,220.243
-91.296,-110.66,241.568
-90.893,-109.745,262.892
-90.488,-108.83,284.216
-90.08,-107.917,305.541
-89.671,-107.005,326.865
-89.259,-106.093,348.189
-88.845,-105.183,369.514
-88.428,-104.274,390.838
-88.009,-103.366,412.162
-87.586,-102.46,433.487
-87.161,-101.555,454.811
-86.733,-100.651,476.135
-86.302,-99.749,497.46
-85.868,-98.848,496.904
-85.431,-97.948,496.348
-84.99,-97.051,495.792
-84.546,-96.155,495.237
-84.099,-95.26,494.681
-83.648,-94.368,494.125
-83.193,-93.478,490.749
-82.734,-92.589,486.795
-82.271,-91.703,484.813
-81.804,-90.818,480.845
-81.333,-89.936,476.882
-80.857,-89.057,472.938
-80.377,-88.179,469.026
-79.893,-87.305,467.088
-79.403,-86.433,463.254
-78.909,-85.563,459.491
-78.41,-84.697,455.815
-77.906,-83.833,452.243
-77.397,-82.972,448.793
-76.882,-82.115,445.481
-76.362,-81.261,442.325
-75.837,-80.41,439.341
-75.306,-79.562,436.548
-74.77,-78.718,433.961
-74.228,-77.878,431.596
-73.681,-77.041,429.469
-73.127,-76.208,427.593
-72.568,-75.379,425.982
-72.003,-74.554,424.648
-71.433,-73.733,423.601
-70.856,-72.916,422.588
-70.273,-72.103,422.295
-69.685,-71.294,422.312
-69.091,-70.49,422.643
-68.491,-69.69,423.289
-67.885,-68.894,424.248
-67.274,-68.102,425.518
-66.657,-67.315,427.093
-66.035,-66.533,428.966
-65.407,-65.754,432.318
-64.774,-64.98,434.896
-64.136,-64.21,437.736
-63.493,-63.445,440.824
-62.845,-62.683,444.143
-62.192,-61.926,447.678
-61.534,-61.173,451.411
-60.872,-60.423,455.325
-60.205,-59.678,459.401
-59.534,-58.936,463.621
-58.859,-58.198,469.671
-58.18,-57.464,469.115
-57.498,-56.733,468.559
-56.811,-56.006,468.004
-56.122,-55.282,467.448
-55.429,-54.561,466.892
-54.732,-53.843,466.336
-54.033,-53.129,465.781
-53.331,-52.417,451.444
-52.626,-51.707,437.107
-51.918,-51,422.77
-51.209,-50.296,408.433
-50.496,-49.594,394.096
-49.782,-48.895,379.759
-49.065,-48.197,365.422
-48.347,-47.502,351.085
-47.626,-46.808,336.749
-46.904,-46.116,322.412
-46.181,-45.426,308.075
-45.455,-44.738,293.738
-44.729,-44.05,279.401
-44.001,-43.365,265.064
-43.272,-42.681,250.727
-42.541,-41.998,236.39
-41.81,-41.316,222.053
-41.077,-40.635,207.717
-40.344,-39.955,193.38
-39.61,-39.276,179.043
-38.875,-38.598,164.706
-38.139,-37.92,150.369
-37.403,-37.244,136.032
-36.666,-36.568,121.695
-35.929,-35.892,107.358
-35.191,-35.217,93.021
-34.453,-34.543,78.684
-33.714,-33.869,64.348
-32.975,-33.195,50.011
-32.236,-32.522,35.674
-31.496,-31.849,21.337
-30.439,-30.888,7,45
-30.439,-30.888,0,45
#PATH-POINTS-START Pick Mid Blocks
-30.439,-30.888,7,45
-31.147,-31.595,37.305
-31.855,-32.301,67.611
-32.563,-33.006,97.916
-33.273,-33.711,128.221
-33.985,-34.413,158.527
-34.699,-35.113,188.832
-35.417,-35.81,219.137
-36.139,-36.501,249.443
-36.867,-37.186,279.748
-37.605,-37.861,310.053
-38.356,-38.522,340.359
-39.126,-39.16,370.664
-39.923,-39.764,400.969
-40.755,-40.317,431.275
-41.632,-40.798,461.58
-42.549,-41.196,491.886
-43.495,-41.52,463.363
-44.455,-41.798,434.84
-45.421,-42.056,406.317
-46.388,-42.31,377.795
-47.354,-42.57,349.272
-48.317,-42.839,320.749
-49.277,-43.119,292.227
-50.234,-43.41,263.704
-51.187,-43.711,235.181
-52.138,-44.023,206.659
-53.085,-44.344,178.136
-54.029,-44.673,149.613
-54.97,-45.011,121.091
-55.909,-45.356,92.568
-56.845,-45.707,64.045
-57.779,-46.066,35.523
-58.71,-46.43,7,70
-58.862,-45.653,46.533
-58.862,-44.653,86.067
-58.862,-43.653,125.6
-58.862,-42.653,165.133
-58.862,-41.653,204.667
-58.862,-40.653,244.2
-58.862,-39.653,283.733
-58.862,-38.653,323.267
-58.862,-37.653,362.8
-58.862,-36.653,402.333
-58.862,-35.653,441.867
-58.862,-34.653,481.4
-58.862,-33.653,520.933
-58.862,-32.653,560.467
-58.862,-31.653,600
-58.862,-30.653,583.221
-58.862,-29.653,566.441
-58.862,-28.653,549.662
-58.862,-27.653,532.882
-58.862,-26.653,516.103
-58.862,-25.653,499.323
-58.862,-24.653,482.544
-58.862,-23.653,465.764
-58.862,-22.653,448.985
-58.862,-21.653,432.206
-58.862,-20.653,415.426
-58.862,-19.653,398.647
-58.862,-18.653,381.867
-58.862,-17.653,365.088
-58.862,-16.653,348.308
-58.862,-15.653,347.183
-58.862,-14.653,346.058
-58.862,-13.653,344.933
-58.862,-12.653,343.807
-58.862,-11.653,342.682
-58.862,-10.653,341.557
-58.862,-9.653,340.432
-58.862,-8.653,339.307
-58.862,-7.653,338.181
-58.862,-6.653,337.056
-58.862,-5.653,335.931
-58.862,-4.653,334.806
-58.862,-3.653,333.681
-58.862,-2.653,332.555
-58.862,-1.653,331.43
-58.862,-0.653,330.305
-58.862,0.347,329.18
-58.862,1.347,328.054
-58.862,2.347,326.929
-58.862,3.347,325.804
-58.862,4.347,324.679
-58.862,5.347,323.554
-58.862,6.347,322.428
-58.862,7.347,321.303
-58.862,8.347,320.178
-58.862,9.347,319.053
-58.862,10.347,317.928
-58.862,11.347,316.802
-58.862,12.347,315.677
-58.862,13.347,314.552
-58.862,14.347,313.427
-58.862,15.347,312.301
-58.862,16.347,311.176
-58.862,17.347,310.051
-58.862,18.347,308.926
-58.862,19.347,307.801
-58.862,20.347,306.675
-58.862,21.347,305.55
-58.862,22.347,304.425
-58.862,23.347,303.3
-58.862,24.347,302.175
-58.862,25.347,301.049
-58.862,26.347,299.924
-58.862,27.347,298.799
-58.862,28.347,297.674
-58.862,29.347,296.549
-58.862,30.347,295.423
-58.862,31.347,294.298
-58.862,32.347,293.173
-58.862,33.347,292.048
-58.862,34.347,290.922
-58.862,35.347,289.797
-58.862,36.347,288.672
-58.862,37.347,287.547
-58.862,38.347,286.422
-58.862,39.347,285.296
-58.862,40.347,284.171
-58.862,41.347,283.046
-58.862,42.347,265.793
-58.862,43.347,248.54
-58.862,44.347,231.287
-58.862,45.347,214.034
-58.862,46.347,196.782
-58.862,47.347,179.529
-58.862,48.347,162.276
-58.862,49.347,145.023
-58.862,50.347,127.77
-58.862,51.347,110.517
-58.862,52.347,93.264
-58.862,53.347,76.011
-58.862,54.347,58.759
-58.862,55.347,41.506
-58.862,56.347,24.253
-58.862,57.51,7,0
-58.862,57.51,0,0
#PATH-POINTS-START Score Mid
-58.862,57.51,9,135
-58.143,56.815,35.119
-57.423,56.121,61.238
-56.704,55.426,87.357
-55.985,54.731,113.475
-55.265,54.037,139.594
-54.546,53.342,165.713
-53.827,52.648,191.832
-53.107,51.953,217.951
-52.388,51.258,244.07
-51.669,50.564,270.189
-50.949,49.869,296.308
-50.23,49.174,322.426
-49.511,48.48,348.545
-48.791,47.785,374.664
-48.072,47.09,400.783
-47.353,46.396,426.902
-46.633,45.701,453.021
-45.914,45.006,479.14
-45.195,44.312,505.259
-44.475,43.617,482.701
-43.756,42.922,460.144
-43.036,42.228,437.587
-42.317,41.533,415.03
-41.598,40.839,392.473
-40.878,40.144,369.915
-40.159,39.449,347.358
-39.44,38.755,324.801
-38.72,38.06,302.244
-38.001,37.365,279.687
-37.282,36.671,257.129
-36.562,35.976,234.572
-35.843,35.281,212.015
-35.124,34.587,189.458
-34.404,33.892,166.9
-33.685,33.197,144.343
-32.966,32.503,121.786
-32.246,31.808,99.229
-31.527,31.113,76.672
-30.808,30.419,54.114
-30.088,29.724,31.557
-29.477,29.134,9,135
-29.477,29.134,0,135
#PATH.JERRYIO-DATA {"appVersion":"0.10.0","format":"path.jerryio v0.1","gc":{"robotWidth":30,"robotHeight":30,"robotIsHolonomic":false,"showRobot":false,"uol":1,"pointDensity":1,"controlMagnetDistance":5,"fieldImage":{"displayName":"V5RC 2026 - Push Back","signature":"V5RC-PushBack-H2H-TopDownHighlighted-TileColor66_71","origin":{"__type":"built-in"}},"coordinateSystem":"VEX Gaming Positioning System"},"paths":[{"segments":[{"controls":[{"uid":"q74guFgnRt","x":-129.16405357369555,"y":-27.474736574838147,"lock":false,"visible":true,"heading":54.1,"__type":"end-point"},{"uid":"02H9NdAbZb","x":-94.09572518839529,"y":1.951084839271044,"lock":false,"visible":true,"__type":"control"},{"uid":"9GNom72lcd","x":-36.36705689315043,"y":1.9510848392710438,"lock":false,"visible":true,"__type":"control"},{"uid":"tE0q71iQwI","x":-57.23024081009552,"y":-55.37004187046442,"lock":false,"visible":true,"heading":192,"__type":"end-point"}],"speedProfiles":[{"uid":"koIHexgfgz","xPos":0,"yPos":0,"followBentRate":false},{"uid":"eS0ZRQ3NX7","xPos":0.11764705882352941,"yPos":0.5975730104710061,"followBentRate":false},{"uid":"V66Ch2h7ox","xPos":0.5714285714285714,"yPos":0.42148567115070323,"followBentRate":true}],"lookaheadKeyframes":[],"uid":"0pljd83978"},{"controls":[{"uid":"tE0q71iQwI","x":-57.23024081009552,"y":-55.37004187046442,"lock":false,"visible":true,"heading":192,"__type":"end-point"},{"uid":"11gZvEHt4W","x":-70.35067627379136,"y":-115.96788824029498,"lock":false,"visible":true,"__type":"control"},{"uid":"Y5bD2IZZkj","x":-72.3222935456381,"y":-121.9884401831585,"lock":false,"visible":true,"__type":"control"},{"uid":"CkZw3oESvG","x":-150.24631541168574,"y":-119.95320974572437,"lock":false,"visible":true,"heading":270,"__type":"end-point"}],"speedProfiles":[{"uid":"uS7Y1Wf6S5","xPos":0.03759398496240601,"yPos":0.8396931020364226,"followBentRate":true},{"uid":"kqnlRlApEm","xPos":0.7218045112781954,"yPos":0.5755620930559682,"followBentRate":true},{"uid":"Q7JabR4bZF","xPos":0.9923076923076923,"yPos":0,"followBentRate":false}],"lookaheadKeyframes":[],"uid":"wbX4WdemDa"}],"pc":{"speedLimit":{"minLimit":{"value":0,"label":"0"},"maxLimit":{"value":600,"label":"600"},"step":1,"from":7,"to":590},"bentRateApplicableRange":{"minLimit":{"value":0,"label":"0"},"maxLimit":{"value":1,"label":"1"},"step":0.001,"from":0,"to":0.07}},"name":"Load Blocks","uid":"1UANH8OyaW","lock":false,"visible":true},{"segments":[{"controls":[{"uid":"ZspHYG4ffp","x":-150.24631541168574,"y":-119.99409673733656,"lock":false,"visible":true,"heading":270,"__type":"end-point"},{"uid":"WtOWQwkgIo","x":-84.52140929650983,"y":-119.95320974572437,"lock":false,"visible":true,"heading":270,"__type":"end-point"}],"speedProfiles":[{"uid":"mZ8gzmKAvr","xPos":0,"yPos":0,"followBentRate":false},{"uid":"6j3FvrROA8","xPos":0.44776119402985076,"yPos":0.9937695239416876,"followBentRate":false},{"uid":"Nuzpe7HCJx","xPos":0.9850746268656716,"yPos":0,"followBentRate":false}],"lookaheadKeyframes":[],"uid":"NEx1uMmgfT"},{"controls":[{"uid":"WtOWQwkgIo","x":-84.52140929650983,"y":-119.95320974572437,"lock":false,"visible":true,"heading":270,"__type":"end-point"},{"uid":"7kfPRxWuEb","x":-74.37728782556862,"y":-119.29039309333992,"lock":false,"visible":true,"heading":90,"__type":"end-point"}],"speedProfiles":[{"uid":"KqHaUG8RoE","xPos":0.4,"yPos":0.6415948453010818,"followBentRate":true},{"uid":"9QPTISh11O","xPos":0.9166666666666666,"yPos":0,"followBentRate":false}],"lookaheadKeyframes":[],"uid":"8Igs99JLms"}],"pc":{"speedLimit":{"minLimit":{"value":0,"label":"0"},"maxLimit":{"value":600,"label":"600"},"step":1,"from":7,"to":600},"bentRateApplicableRange":{"minLimit":{"value":0,"label":"0"},"maxLimit":{"value":1,"label":"1"},"step":0.001,"from":0,"to":0.059}},"name":"Score Long","uid":"Klw0Y60cDt","lock":false,"visible":true},{"segments":[{"controls":[{"uid":"atJKYhNzTE","x":-74.377,"y":-119.29,"lock":false,"visible":true,"heading":90,"__type":"end-point"},{"uid":"gWoxT8oSQs","x":-95.26195465699827,"y":-119.95320974572438,"lock":false,"visible":true,"heading":24,"__type":"end-point"}],"speedProfiles":[{"uid":"AviALzHNzJ","xPos":0,"yPos":0,"followBentRate":false},{"uid":"Cj2uS8HzAL","xPos":0.45454545454545453,"yPos":0.7076275975461954,"followBentRate":false},{"uid":"nXyvLu63Fq","xPos":0.9444444444444444,"yPos":0,"followBentRate":false}],"lookaheadKeyframes":[],"uid":"wCcmuwOT0C"},{"controls":[{"uid":"gWoxT8oSQs","x":-95.26195465699827,"y":-119.95320974572438,"lock":false,"visible":true,"heading":24,"__type":"end-point"},{"uid":"Xnyc0sXL1D","x":-75.76019778558151,"y":-73.10429888924523,"lock":false,"visible":true,"__type":"control"},{"uid":"6B5G59d9dx","x":-64.5851963201541,"y":-61.92929742381777,"lock":false,"visible":true,"__type":"control"},{"uid":"eTmRruOBDb","x":-30.43935850912579,"y":-30.887626686519326,"lock":false,"visible":true,"heading":45,"__type":"end-point"}],"speedProfiles":[{"uid":"tNN56o5PyL","xPos":0.19090909090909092,"yPos":0.8270822327874626,"followBentRate":true},{"uid":"SJGYHC5543","xPos":0.7090909090909091,"yPos":0.773660349791309,"followBentRate":false},{"uid":"Bo8L3j4Mlo","xPos":0.9910714285714286,"yPos":0,"followBentRate":false}],"lookaheadKeyframes":[],"uid":"1jiYLz2PML"}],"pc":{"speedLimit":{"minLimit":{"value":0,"label":"0"},"maxLimit":{"value":600,"label":"600"},"step":1,"from":7,"to":600},"bentRateApplicableRange":{"minLimit":{"value":0,"label":"0"},"maxLimit":{"value":1,"label":"1"},"step":0.001,"from":0,"to":0.024}},"name":"Score Low","uid":"6Iqyj59F22","lock":true,"visible":true},{"segments":[{"controls":[{"uid":"PK4SPcL3if","x":-30.43935850912579,"y":-30.887626686519326,"lock":false,"visible":true,"heading":45,"__type":"end-point"},{"uid":"B04pZPdCCo","x":-45.16517562657853,"y":-45.613443803972075,"lock":false,"visible":true,"__type":"control"},{"uid":"DGsEAoWp9r","x":-38.4,"y":-38.4,"lock":false,"visible":true,"__type":"control"},{"uid":"VrcVgsp6jD","x":-58.862200079590224,"y":-46.48955532350472,"lock":false,"visible":true,"heading":70,"__type":"end-point"}],"speedProfiles":[{"uid":"dZPcZXbkGU","xPos":0,"yPos":0,"followBentRate":false},{"uid":"j4DLGfVPkz","xPos":0.47058823529411764,"yPos":0.8176821846213848,"followBentRate":false},{"uid":"PtGGcUmU2C","xPos":0.9705882352941176,"yPos":0,"followBentRate":false},{"uid":"7a2U25bfhe","xPos":0.9705882352941176,"yPos":0,"followBentRate":false}],"lookaheadKeyframes":[],"uid":"WxCdRnVoXp"},{"controls":[{"uid":"VrcVgsp6jD","x":-58.862200079590224,"y":-46.48955532350472,"lock":false,"visible":true,"heading":70,"__type":"end-point"},{"uid":"JT0LATjV2I","x":-58.862200079590224,"y":57.510057050165194,"lock":false,"visible":true,"heading":0,"__type":"end-point"}],"speedProfiles":[{"uid":"TgehKP15MW","xPos":0.14423076923076922,"yPos":1,"followBentRate":false},{"uid":"gQvWTcUuWt","xPos":0.28846153846153844,"yPos":0.5755620930559682,"followBentRate":false},{"uid":"bQrWkPtaUJ","xPos":0.8365384615384616,"yPos":0.46550750598077895,"followBentRate":true},{"uid":"GNsPMka7uV","xPos":0.9903846153846154,"yPos":0,"followBentRate":false}],"lookaheadKeyframes":[],"uid":"SrJBA5qhQ8"}],"pc":{"speedLimit":{"minLimit":{"value":0,"label":"0"},"maxLimit":{"value":600,"label":"600"},"step":1,"from":7,"to":600},"bentRateApplicableRange":{"minLimit":{"value":0,"label":"0"},"maxLimit":{"value":1,"label":"1"},"step":0.001,"from":0,"to":0.075}},"name":"Pick Mid Blocks","uid":"pMMOSVruzW","lock":true,"visible":true},{"segments":[{"controls":[{"uid":"cSprATSHrI","x":-58.862200079590224,"y":57.510057050165194,"lock":false,"visible":true,"heading":135,"__type":"end-point"},{"uid":"vSXtAXd7h0","x":-29.476523065507905,"y":29.133552608745013,"lock":false,"visible":true,"heading":135,"__type":"end-point"}],"speedProfiles":[{"uid":"AIiTU1QCbO","xPos":0,"yPos":0,"followBentRate":false},{"uid":"nOsQ4X7BfO","xPos":0.475,"yPos":0.8396931020364226,"followBentRate":false},{"uid":"Opknahlh7F","xPos":0.9761904761904762,"yPos":0,"followBentRate":false}],"lookaheadKeyframes":[],"uid":"viReM16OYs"}],"pc":{"speedLimit":{"minLimit":{"value":0,"label":"0"},"maxLimit":{"value":600,"label":"600"},"step":1,"from":9,"to":600},"bentRateApplicableRange":{"minLimit":{"value":0,"label":"0"},"maxLimit":{"value":1,"label":"1"},"step":0.001,"from":0,"to":0.1}},"name":"Score Mid","uid":"vQ6o3Q4A24","lock":false,"visible":true}]}